146.3941345215,-39.1472244263
146.3941345215,-39.1472244263
146.3855285645,-39.1466674805
146.3469085693,-39.1299972534
146.3195495605,-39.0975685120
146.2685852051,-38.9819412231
146.2470550537,-38.9488906860
146.2266235352,-38.9216690063
146.2091369629,-38.9019393921
146.1930236816,-38.8869476318
146.1658020020,-38.8627777100
146.1423492432,-38.8459701538
146.1206512451,-38.8355522156
146.0891418457,-38.8252792358
146.0652465820,-38.8200035095
146.0383148193,-38.8212547302
146.0160980225,-38.8322219849
146.0026855469,-38.8634033203
145.9044189453,-38.8569488525
145.8235778809,-38.7286071777
145.8344116211,-38.7047195435
145.8430175781,-38.7052764893
145.8474731445,-38.6986083984
145.8161468506,-38.6522865295
145.7846984863,-38.6436157227
145.7536010742,-38.6397247314
145.7278747559,-38.6413917542
145.6819152832,-38.6619415283
145.6585235596,-38.6772232056
145.6074676514,-38.6836128235
145.5662078857,-38.6651382446
145.4160766602,-38.5458374023
145.4163818359,-38.5236129761
145.4321899414,-38.4522247314
145.4955291748,-38.4300041199
145.5203247070,-38.4231224060
145.5552520752,-38.3743057251
145.4855194092,-38.2481956482
145.4442749023,-38.2269401550
145.2554626465,-38.2376403809
145.2130126953,-38.3491668701
145.0303955078,-38.4973869324
144.9416503906,-38.5108337402
144.9013671875,-38.5058364868
144.7611083984,-38.3777770996
144.7903900146,-38.3769416809
144.8138732910,-38.3830566406
144.8388671875,-38.3838882446
144.8803863525,-38.3777770996
144.9107971191,-38.3697204590
144.9410705566,-38.3608322144
144.9850158691,-38.3404846191
145.1191253662,-38.1676368713
145.1312713623,-38.1370124817
145.1146850586,-38.0702819824
145.0992584229,-38.0430603027
144.9755096436,-37.8919448853
144.9483032227,-37.8756904602
144.9176788330,-37.8685417175
144.8246917725,-37.9025001526
144.7469177246,-37.9627761841
144.6912231445,-38.0038909912
144.6611022949,-38.0233306885
144.5269165039,-38.1011123657
144.3859405518,-38.1130561829
144.3685607910,-38.1265258789
144.3628692627,-38.1458358765
144.3745422363,-38.1627769470
144.3962249756,-38.1702766418
144.5130310059,-38.1815299988
144.5470581055,-38.1761131287
144.5907897949,-38.1605529785
144.6099548340,-38.1494445801
144.6371307373,-38.1339569092
144.6792907715,-38.1361122131
144.7063446045,-38.1491661072
144.7212066650,-38.1780548096
144.7105102539,-38.2224960327
144.6588745117,-38.2850036621
144.6338806152,-38.2997283936
144.5995330811,-38.2977790833
144.5703887939,-38.2851409912
144.5485992432,-38.2837524414
144.3951263428,-38.3095817566
144.3632812500,-38.3244476318
144.0616455078,-38.4845848083
143.9987792969,-38.5371551514
143.9057464600,-38.6425666809
143.8423309326,-38.6965255737
143.7694396973,-38.7141647339
143.7319030762,-38.7202758789
143.6951751709,-38.7402763367
143.6838684082,-38.7538909912
143.6731567383,-38.7839584351
143.5429534912,-38.8592338562
143.5054626465,-38.8512496948
143.4841308594,-38.8349990845
143.4438629150,-38.7944450378
143.3874816895,-38.7683334351
143.3388519287,-38.7577819824
143.1799621582,-38.7161102295
143.1331634521,-38.6784744263
143.0963439941,-38.6588897705
143.0481719971,-38.6370849609
143.0176239014,-38.6290283203
142.9716339111,-38.6293029785
142.8599548340,-38.5983352661
142.8033142090,-38.5759735107
142.7588806152,-38.5455551147
142.7416381836,-38.5316696167
142.6121826172,-38.4552764893
142.5352478027,-38.4127731323
142.3793334961,-38.3638916016
142.2689361572,-38.3846511841
142.2503814697,-38.4016647339
142.2277526855,-38.4027786255
142.1603851318,-38.4001350403
142.0882873535,-38.3697204590
142.0624694824,-38.3555603027
141.9877471924,-38.3105583191
141.9646911621,-38.2920875549
141.8213500977,-38.2675018311
141.7509460449,-38.2670822144
141.7216186523,-38.2705535889
141.6794128418,-38.2829170227
141.6201629639,-38.3218765259
141.6197509766,-38.3529853821
141.6358032227,-38.3675003052
141.6502227783,-38.3998603821
141.5713500977,-38.4172210693
141.4541320801,-38.3724975586
141.3926239014,-38.3148612976
141.3674621582,-38.2894439697
141.2894287109,-38.2283325195
141.2396850586,-38.1930541992
141.1930236816,-38.1605529785
141.1463623047,-38.1350021362
141.1255187988,-38.1238861084
141.1035766602,-38.1138916016
141.0258178711,-38.0827789307
141.0019226074,-38.0741729736
140.9680480957,-38.0642166138
140.9392852783,-38.0593032837
140.8506469727,-38.0547218323
140.8223266602,-38.0573616028
140.7717895508,-38.0738906860
140.6985778809,-38.0719451904
140.6716461182,-38.0676383972
140.5860900879,-38.0322189331
140.5299682617,-38.0002822876
140.3559265137,-37.8616676331
140.3352355957,-37.8193092346
140.2382812500,-37.6719436646
140.1213531494,-37.5306968689
140.0805358887,-37.5044479370
140.0498352051,-37.4904174805
140.0254669189,-37.4898605347
139.9938354492,-37.4925003052
139.8413391113,-37.3313903809
139.8144226074,-37.2997283936
139.7977600098,-37.2736129761
139.7513732910,-37.1997222900
139.7638092041,-37.1679840088
139.7830352783,-37.1479873657
139.7802734375,-37.1077804565
139.7337188721,-37.0143089294
139.7519226074,-36.9216690063
139.7931823730,-36.8991661072
139.8228912354,-36.8745803833
139.8456726074,-36.8440284729
139.8546752930,-36.8261108398
139.8617553711,-36.7947235107
139.8650970459,-36.7622222900
139.8649597168,-36.7322158813
139.8607940674,-36.6608314514
139.8544006348,-36.6350021362
139.8269042969,-36.5777816772
139.8235015869,-36.5545845032
139.6735839844,-36.2547225952
139.6480407715,-36.2097244263
139.5086975098,-36.0561103821
139.4943542480,-36.0357780457
139.4229278564,-35.9591941833
139.4070129395,-35.9436111450
139.3718414307,-35.9106101990
139.3245239258,-35.8677787781
139.2893524170,-35.8384475708
139.1893310547,-35.7506332397
139.0825958252,-35.6797599792
139.1096191406,-35.6813392639
139.1314392090,-35.6925506592
139.3432922363,-35.8397216797
139.4038696289,-35.8872222900
139.4762115479,-35.9597244263
139.5839996338,-36.0884704590
139.6121826172,-36.1258316040
139.6430358887,-36.1852722168
139.6604003906,-36.2162475586
139.6632995605,-36.1872177124
139.6497192383,-36.1469497681
139.6041259766,-36.0413894653
139.5885620117,-36.0208358765
139.5664978027,-35.9954185486
139.5388793945,-35.9674987793
139.4885559082,-35.9194488525
139.4480285645,-35.8841705322
139.2958068848,-35.7727737427
139.1862487793,-35.6765556335
139.1542358398,-35.6570549011
139.1232452393,-35.6377220154
139.0995635986,-35.6125106812
139.0975952148,-35.5240287781
139.1337127686,-35.5050735474
139.1596984863,-35.5038948059
139.2351379395,-35.5572547913
139.2378845215,-35.5970153809
139.2260742188,-35.6826362610
139.2416992188,-35.6999282837
139.3358306885,-35.6913871765
139.3613586426,-35.6038894653
139.3730773926,-35.4704132080
139.3566131592,-35.3744430542
139.2371826172,-35.3222274780
139.2124633789,-35.3166656494
139.1892089844,-35.3325004578
139.1346893311,-35.3790283203
139.0795593262,-35.3927803040
139.0585937500,-35.3927803040
139.0206756592,-35.3906936646
138.9898223877,-35.3974990845
138.9699554443,-35.4084701538
138.9553833008,-35.4279174805
138.9495544434,-35.4488868713
138.9594726563,-35.4755935669
138.9873199463,-35.4850006104
139.0169219971,-35.4902801514
139.0358123779,-35.5098609924
138.9911346436,-35.5574302673
138.9655151367,-35.5605545044
138.9005432129,-35.5547180176
138.8355102539,-35.5452804565
138.8078918457,-35.5383377075
138.7771911621,-35.5358352661
138.7214965820,-35.5387535095
138.6505432129,-35.5630531311
138.6268920898,-35.5813903809
138.6103820801,-35.6034736633
138.5910797119,-35.6227760315
138.5362854004,-35.6534690857
138.2021789551,-35.6713867188
138.1749725342,-35.6695861816
138.1501312256,-35.6608314514
138.1374816895,-35.6530532837
138.0931549072,-35.6191673279
138.1285705566,-35.5536117554
138.1530303955,-35.5329208374
138.1941223145,-35.5211105347
138.2163696289,-35.5133361816
138.2583312988,-35.4944458008
138.2855377197,-35.4790229797
138.4387817383,-35.3438186646
138.4674682617,-35.2116661072
138.4550933838,-35.1769409180
138.4649658203,-35.1130561829
138.4757995605,-35.0891647339
138.4914855957,-35.0702819824
138.5091552734,-35.0456962585
138.5141601563,-35.0249977112
138.5116577148,-35.0050048828
138.4982910156,-34.9344406128
138.4863586426,-34.8938903809
138.4810791016,-34.8629188538
138.5045318604,-34.7732620239
138.4960632324,-34.7288818359
138.4352416992,-34.6422271729
138.4199829102,-34.6274948120
138.4030456543,-34.6138916016
138.2901153564,-34.5006980896
138.2749786377,-34.4801368713
138.2655334473,-34.4586105347
138.2424621582,-34.3830566406
138.2355041504,-34.3569488525
138.2196807861,-34.3148651123
138.1519165039,-34.2069473267
138.0922546387,-34.1349296570
138.0680236816,-34.1396522522
138.0069274902,-34.2571563721
138.0196228027,-34.2845153809
138.0337219238,-34.3018760681
138.0190124512,-34.3441658020
137.9899597168,-34.3730545044
137.9727478027,-34.3863906860
137.9406738281,-34.4072189331
137.9244232178,-34.4254188538
137.8891448975,-34.5252799988
137.8872833252,-34.6002044678
137.8866577148,-34.6575012207
137.8755187988,-34.7111129761
137.8269042969,-34.8391647339
137.8096923828,-34.8736114502
137.7491149902,-35.0497283936
137.7537384033,-35.0941658020
137.7481689453,-35.1327781677
137.6744079590,-35.1816673279
137.6310577393,-35.1725692749
137.5957946777,-35.1497268677
137.5669097900,-35.1375007629
137.5321960449,-35.1288833618
137.4598236084,-35.1138916016
137.4210815430,-35.1199951172
137.2335662842,-35.1781959534
137.2166290283,-35.1911048889
137.2052459717,-35.2144432068
137.1910858154,-35.2351379395
137.1668395996,-35.2481956482
137.1372070313,-35.2486114502
137.1141357422,-35.2447204590
137.0767822266,-35.2320823669
137.0538635254,-35.2280502319
137.0276336670,-35.2306900024
137.0072021484,-35.2405548096
136.9669036865,-35.2694435120
136.9498291016,-35.2866668701
136.8923339844,-35.3040275574
136.8596801758,-35.2911148071
136.8314971924,-35.2518043518
136.8683624268,-35.2023620605
136.8941497803,-35.1898574829
136.9366455078,-35.1472244263
136.9603881836,-35.0997924805
136.9566345215,-35.0596504211
136.9770355225,-34.9588890076
137.0240783691,-34.9020118713
137.0521850586,-34.9091644287
137.0794067383,-34.9225006104
137.1077423096,-34.9295845032
137.1352386475,-34.9281959534
137.1933135986,-34.9106903076
137.2814941406,-34.9064521790
137.2986450195,-34.9288864136
137.3846893311,-34.9608306885
137.4063720703,-34.9566650391
137.4341430664,-34.9388885498
137.4470520020,-34.9170837402
137.4541320801,-34.8969497681
137.4985656738,-34.6586074829
137.4810791016,-34.4716644287
137.4932861328,-34.2863922119
137.4871826172,-34.2425003052
137.4696960449,-34.1924972534
137.4517059326,-34.1604156494
137.4661407471,-34.1435432434
137.5033264160,-34.1505508423
137.5148468018,-34.1433334351
137.5438690186,-34.0955543518
137.5555419922,-34.0650024414
137.5949707031,-33.9558334351
137.6028900146,-33.8840255737
137.6321716309,-33.8491668701
137.7777557373,-33.6973609924
137.8901214600,-33.6051406860
137.9106597900,-33.5980529785
137.9321899414,-33.5952758789
137.9485778809,-33.5593032837
137.9416503906,-33.5102844238
137.9160766602,-33.4413833618
137.8474731445,-33.3227767944
137.8143463135,-33.2780532837
137.8283081055,-33.2231903076
137.8449707031,-33.2019424438
137.9019165039,-33.1675033569
137.9549560547,-33.1494445801
138.0195617676,-33.1480560303
138.0468597412,-33.1294403076
138.0394287109,-33.0780563354
138.0089263916,-33.0288200378
137.9777374268,-33.0216674805
137.9541320801,-33.0091705322
137.8963623047,-32.7872238159
137.8438415527,-32.6880493164
137.8299560547,-32.6313858032
137.8162841797,-32.5668754578
137.7629699707,-32.5325012207
137.7552490234,-32.5511093140
137.7544250488,-32.5761108398
137.7551116943,-32.6957626343
137.7784576416,-32.7066650391
137.7919158936,-32.7223587036
137.8012237549,-32.7409706116
137.8076171875,-32.8479156494
137.7748413086,-32.9927749634
137.7227478027,-32.9952774048
137.5955200195,-33.0297241211
137.4882812500,-33.1277770996
137.4430236816,-33.1944427490
137.3852539063,-33.3002777100
137.3785705566,-33.3208389282
137.3753814697,-33.3516654968
137.3794097900,-33.3833351135
137.3611297607,-33.4293708801
137.2794342041,-33.5618057251
137.2268981934,-33.6433334351
137.2099609375,-33.6661071777
137.1652679443,-33.7033309937
137.1420593262,-33.7137527466
137.0202789307,-33.7172660828
136.9784240723,-33.6885414124
136.9497222900,-33.6810379028
136.8842773438,-33.7625007629
136.9027709961,-33.7730560303
136.8638610840,-33.8069458008
136.6611022949,-33.8905563354
136.5799560547,-33.9319458008
136.4134521484,-34.0409774780
136.3565521240,-34.0902099609
136.3513488770,-34.1221542358
136.3181762695,-34.1901359558
136.3060913086,-34.1988830566
136.2569274902,-34.2773628235
136.2413330078,-34.2972259521
136.2065734863,-34.3321533203
136.1849670410,-34.3377761841
136.1487274170,-34.3465270996
136.1258697510,-34.3620834351
136.0402526855,-34.4836120605
135.9671936035,-34.5155601501
135.9369049072,-34.5368766785
135.8749694824,-34.6383361816
135.8037872314,-34.8152122498
135.8291320801,-34.8247222900
135.8728790283,-34.8198661804
135.9022064209,-34.8069458008
135.9538574219,-34.7672195435
136.0066680908,-34.7426033020
136.0199890137,-34.7951431274
136.0046386719,-34.9918022156
135.9564056396,-35.0082359314
135.9301147461,-34.9667320251
135.8466186523,-34.8902816772
135.8151092529,-34.8702774048
135.7866516113,-34.8602828979
135.7551116943,-34.8580589294
135.7239837646,-34.8677749634
135.7056579590,-34.8881988525
135.7010803223,-34.9102783203
135.6797027588,-34.9538192749
135.6652526855,-34.9580535889
135.6435852051,-34.9527816772
135.6194152832,-34.9208374023
135.6060791016,-34.8930587769
135.5824584961,-34.8658370972
135.4746704102,-34.7511138916
135.3263549805,-34.6248588562
135.2480316162,-34.5731964111
135.2158660889,-34.5650672913
135.1471252441,-34.5881233215
135.1123199463,-34.5947570801
135.1516418457,-34.5038909912
135.2085113525,-34.4358291626
135.2104492188,-34.4719390869
135.2132263184,-34.4980545044
135.3444213867,-34.6141662598
135.3965148926,-34.6440277100
135.4958648682,-34.6170845032
135.4410858154,-34.6045837402
135.3948516846,-34.5836105347
135.3821868896,-34.5522232056
135.3768310547,-34.5259742737
135.3931121826,-34.4953460693
135.3491210938,-34.2891693115
135.3099670410,-34.1938858032
135.2726287842,-34.1202735901
135.2610778809,-34.0065269470
135.1938476563,-33.9194488525
135.0574645996,-33.7905578613
135.0335998535,-33.7686080933
134.9816284180,-33.7344436646
134.9308013916,-33.7024993896
134.8406677246,-33.6377792358
134.8481597900,-33.5958328247
134.8625946045,-33.5680541992
134.8684234619,-33.5414619446
134.8632812500,-33.4961090088
134.8580017090,-33.4719390869
134.8280334473,-33.3947219849
134.8085937500,-33.3527832031
134.7074737549,-33.1772232056
134.6892852783,-33.1670837402
134.5935668945,-33.1399993896
134.4086608887,-33.1645126343
134.3877563477,-33.1822204590
134.3295440674,-33.2027778625
134.2687225342,-33.1455574036
134.2692871094,-33.1199989319
134.1956634521,-32.9544448853
134.1293945313,-32.8427734375
134.0745086670,-32.7208633423
134.1546936035,-32.7258300781
134.1940002441,-32.7568740845
134.2081909180,-32.8076362610
134.2241210938,-32.7838897705
134.2765197754,-32.7287483215
134.2970733643,-32.6775016785
134.2763671875,-32.5885429382
134.2230224609,-32.5224990845
134.2055358887,-32.5036163330
134.1841430664,-32.4866638184
134.1430358887,-32.4575042725
134.1141204834,-32.4534721375
133.9555358887,-32.4958343506
133.8906555176,-32.5481910706
133.8528747559,-32.5418090820
133.8544006348,-32.4604187012
133.8833007813,-32.4047203064
133.9028167725,-32.4156227112
133.9341278076,-32.4216690063
133.9507904053,-32.3982620239
133.9019165039,-32.3294448853
133.8735656738,-32.2991714478
133.8263549805,-32.2508392334
133.7566528320,-32.2138900757
133.7255249023,-32.2005538940
133.6949768066,-32.1811141968
133.6628265381,-32.1524276733
133.6736907959,-32.1156921387
133.6058654785,-32.0980529785
133.5813446045,-32.1149291992
133.5666961670,-32.1656913757
133.4851074219,-32.2098617554
133.4172058105,-32.2133331299
133.2260742188,-32.1974945068
133.1666564941,-32.1908340454
133.1359558105,-32.1844444275
133.0848236084,-32.1379165649
133.0655212402,-32.1198616028
133.0262298584,-32.1013870239
132.9735717773,-32.0916671753
132.8594055176,-32.0061111450
132.8328857422,-31.9779148102
132.7852478027,-31.9562492371
132.7644348145,-31.9508323669
132.5844116211,-31.9358329773
132.5491333008,-31.9388885498
132.5183105469,-31.9447212219
132.4888610840,-31.9524993896
132.4553833008,-31.9699974060
132.4141540527,-32.0116729736
132.3277435303,-32.0377807617
132.2649841309,-32.0416717529
132.1959381104,-32.0269470215
132.1727600098,-32.0088920593
132.1546936035,-31.9899978638
132.1374816895,-31.9708328247
132.0269165039,-31.8819427490
131.8157958984,-31.7477760315
131.7691345215,-31.7222213745
131.6666564941,-31.6705551147
131.4924621582,-31.5955543518
131.4691162109,-31.5858345032
131.3649597168,-31.5433349609
131.2769165039,-31.5116691589
131.1741485596,-31.4784717560
131.1485900879,-31.4740276337
131.1151733398,-31.4774971008
131.0902404785,-31.4913864136
131.0694274902,-31.5083351135
131.0412292480,-31.5333347321
131.0124816895,-31.5488910675
130.8439941406,-31.6047229767
130.7935791016,-31.6102790833
130.7637329102,-31.6120834351
130.7321777344,-31.6108322144
130.7030334473,-31.6088905334
130.6444396973,-31.6038894653
130.2633056641,-31.5761108398
130.2363586426,-31.5763893127
130.1488647461,-31.5791664124
129.9357910156,-31.5933341980
129.8850708008,-31.6030216217
129.8382873535,-31.6144447327
129.7010803223,-31.6216659546
129.4755249023,-31.6386108398
129.2319030762,-31.6583328247
129.0602416992,-31.6824989319
129.0294189453,-31.6875000000
129.0002746582,-31.6926116943
128.9787139893,-31.6961097717
128.9524536133,-31.7033309937
128.7930297852,-31.7694473267
128.7733154297,-31.7791671753
128.7041320801,-31.8163909912
128.5544128418,-31.8883323669
128.1827392578,-32.0316696167
128.0123443604,-32.0895843506
127.9494171143,-32.1011123657
127.8283233643,-32.1194458008
127.7374877930,-32.1347274780
127.6288604736,-32.1708374023
127.5385894775,-32.2027816772
127.3347167969,-32.2669448853
127.2677612305,-32.2783355713
127.1649932861,-32.2938919067
127.1249694824,-32.2984924316
127.0230407715,-32.3036117554
126.9905395508,-32.3050003052
126.6871871948,-32.3158340454
126.6386032104,-32.3141632080
126.5736083984,-32.3091659546
126.4588775635,-32.2997283936
126.3994293213,-32.2922286987
126.3285980225,-32.2722244263
126.3030395508,-32.2622222900
126.2830505371,-32.2563934326
126.2613830566,-32.2513961792
126.2391510010,-32.2469482422
126.2086029053,-32.2408370972
126.1797027588,-32.2384719849
126.1529006958,-32.2434730530
126.1308135986,-32.2545852661
126.0917892456,-32.2784729004
126.0692901611,-32.2850036621
126.0452575684,-32.2847290039
126.0124969482,-32.2741699219
125.9722747803,-32.2667388916
125.8065109253,-32.3436126709
125.6177520752,-32.4677734375
125.5828323364,-32.4945144653
125.5599746704,-32.5163917542
125.5408172607,-32.5305557251
125.5149917603,-32.5468063354
125.4442901611,-32.5733337402
125.3988800049,-32.5825042725
125.3777618408,-32.5841674805
125.3369293213,-32.5905532837
125.3023376465,-32.5987510681
125.2463684082,-32.6244430542
124.9955368042,-32.7422256470
124.9272003174,-32.7855567932
124.8966598511,-32.8133354187
124.8795623779,-32.8298606873
124.7466430664,-32.8977813721
124.7049865723,-32.9102783203
124.6647033691,-32.9163894653
124.5805511475,-32.9280548096
124.4974822998,-32.9369430542
124.4533233643,-32.9408340454
124.4027709961,-32.9455490112
124.3527679443,-32.9575042725
124.3288726807,-32.9647216797
124.3016510010,-32.9749984741
124.2819366455,-32.9855575562
124.1901168823,-33.0491676331
124.1577606201,-33.0797271729
124.1410903931,-33.0963897705
124.1063690186,-33.1394424438
124.0909576416,-33.1620826721
124.0024871826,-33.3936157227
123.9647140503,-33.5388908386
123.9559478760,-33.5595817566
123.9391479492,-33.5733337402
123.9183197021,-33.5830612183
123.8599929810,-33.6158370972
123.7899780273,-33.6772232056
123.7697067261,-33.6952743530
123.7524871826,-33.7141647339
123.7358856201,-33.7524070740
123.7349929810,-33.7797241211
123.6908111572,-33.8205566406
123.6488800049,-33.8469467163
123.5408172607,-33.9058303833
123.4701232910,-33.9084701538
123.4515075684,-33.9002761841
123.4294281006,-33.8969497681
123.4055480957,-33.8958358765
123.3690032959,-33.8951416016
123.3427581787,-33.9038200378
123.3052520752,-33.9416656494
123.2826919556,-33.9711761475
123.2363662720,-34.0000000000
123.1680526733,-34.0186080933
123.1394271851,-33.9491653442
123.1006774902,-33.8869438171
123.0802688599,-33.8758316040
123.0178298950,-33.8575706482
122.9149932861,-33.8855590820
122.8449783325,-33.9069404602
122.8174743652,-33.9068031311
122.7302703857,-33.8933334351
122.5938034058,-33.8980560303
122.5756835938,-33.9133300781
122.4333114624,-33.9258346558
122.3770599365,-33.9123573303
122.3544235229,-33.9129142761
122.2982406616,-33.9315910339
122.2622756958,-33.9659004211
122.2513732910,-34.0167350769
122.1183166504,-34.0286102295
122.0797119141,-34.0177764893
122.1009216309,-33.9802055359
122.0863800049,-33.9272232056
122.0715179443,-33.8931961060
122.0522003174,-33.8686065674
122.0372009277,-33.8530578613
122.0137405396,-33.8311119080
121.9938659668,-33.8247261047
121.9167861938,-33.8363876343
121.8860168457,-33.8587493896
121.8616485596,-33.8805541992
121.8347091675,-33.8919448853
121.7809524536,-33.8995094299
121.6724929810,-33.8602828979
121.5226211548,-33.8215332031
121.4611129761,-33.8175048828
121.3708190918,-33.8152770996
121.3360977173,-33.8155555725
121.2197113037,-33.8388900757
121.0516510010,-33.8569488525
120.9297027588,-33.8627777100
120.8848419189,-33.8568077087
120.8624801636,-33.8566703796
120.8347167969,-33.8669433594
120.8097000122,-33.8795814514
120.7913742065,-33.8880577087
120.7227630615,-33.8944473267
120.6938629150,-33.8958358765
120.5402679443,-33.9172210693
120.4855270386,-33.9488830566
120.4169921875,-33.9739227295
120.3691406250,-33.9636154175
120.2880401611,-33.9455490112
120.2530517578,-33.9397201538
120.2299804688,-33.9375000000
120.0283203125,-33.9255561829
120.0049896240,-33.9288864136
119.9799804688,-33.9344406128
119.8129043579,-33.9780540466
119.7888641357,-33.9915275574
119.7702636719,-34.0105590820
119.7545700073,-34.0322265625
119.7388763428,-34.0458374023
119.7077713013,-34.0640296936
119.6727600098,-34.0788879395
119.6441497803,-34.0897216797
119.6160888672,-34.0999984741
119.5635910034,-34.1497230530
119.4809494019,-34.2704162598
119.4674835205,-34.3318061829
119.3255462646,-34.4469451904
119.2086029053,-34.5044479370
119.1852569580,-34.4950027466
119.1113662720,-34.4747161865
119.0788726807,-34.4661102295
118.9352569580,-34.4494438171
118.9116516113,-34.4530563354
118.8902664185,-34.4622192383
118.7648544312,-34.5330581665
118.7397003174,-34.5499954224
118.7216491699,-34.5694503784
118.7194366455,-34.5750045776
118.7541732788,-34.6069488525
118.7356796265,-34.6259689331
118.7191467285,-34.6397247314
118.6991424561,-34.6502761841
118.6378936768,-34.6804847717
118.6121978760,-34.6855545044
118.5820693970,-34.6906890869
118.5183334351,-34.7075042725
118.4770660400,-34.7237472534
118.4445571899,-34.7435417175
118.4180526733,-34.7741699219
118.3997192383,-34.8011093140
118.3876190186,-34.8402748108
118.2816619873,-34.9055557251
118.0816726685,-34.9938888550
117.8379745483,-35.0301399231
117.8338088989,-35.0506248474
117.8577575684,-35.0719451904
117.8830413818,-35.0826377869
117.9491500854,-35.0923614502
117.9958801270,-35.0969123840
117.9341430664,-35.1253433228
117.8584442139,-35.1140670776
117.8094177246,-35.0791702271
117.7841491699,-35.0652770996
117.7487258911,-35.0518035889
117.7266464233,-35.0480575562
117.6640777588,-35.0512504578
117.6327667236,-35.0694427490
117.6195678711,-35.0908355713
117.6097106934,-35.1383361816
117.5541534424,-35.0986099243
117.5333328247,-35.0883331299
117.3551254272,-35.0247230530
117.3324890137,-35.0188903809
117.1838684082,-35.0119476318
116.9483795166,-35.0157661438
116.9153289795,-35.0417366028
116.8956832886,-35.0561103821
116.8730316162,-35.0566635132
116.8380508423,-35.0490303040
116.8146972656,-35.0397262573
116.7244262695,-35.0169448853
116.6580429077,-35.0322189331
116.6019287109,-35.0330581665
116.4605407715,-34.9995880127
116.3755264282,-34.9480514526
116.3247070313,-34.9183349609
116.2686004639,-34.8877792358
116.2463684082,-34.8777770996
116.2169265747,-34.8661117554
116.1788635254,-34.8544464111
116.0924835205,-34.8380508423
115.9736022949,-34.8194503784
115.9524765015,-34.7694473267
115.9438629150,-34.7511138916
115.9133148193,-34.7031936646
115.8141479492,-34.6077804565
115.7884597778,-34.5847206116
115.6480407715,-34.4677734375
115.4956741333,-34.3836135864
115.3861007690,-34.3338890076
115.3140029907,-34.3048591614
115.2410202026,-34.2979202271
115.2044296265,-34.3012542725
115.1683120728,-34.3127746582
115.1466522217,-34.3439598083
115.1222076416,-34.3627815247
115.0738830566,-34.3238906860
115.0089492798,-34.2624320984
115.0045700073,-34.2248611450
115.0072097778,-34.2031936646
115.0102691650,-34.1758995056
114.9766464233,-34.0186080933
114.9577636719,-33.8661117554
114.9537429810,-33.6923599243
114.9971008301,-33.5241050720
115.0397109985,-33.5337486267
115.0818634033,-33.5756950378
115.1013031006,-33.6111793518
115.1558227539,-33.6355590820
115.2205352783,-33.6532630920
115.2616577148,-33.6522216797
115.2824935913,-33.6505508423
115.3155364990,-33.6459732056
115.3636016846,-33.6330566406
115.3969421387,-33.6213836670
115.4296951294,-33.6051406860
115.6677551270,-33.3102760315
115.6902542114,-33.3027801514
115.7044296265,-33.2863883972
115.7126312256,-33.2640266418
115.7142944336,-33.2422218323
115.6694335938,-32.9819412231
115.6530532837,-32.9244461060
115.6355361938,-32.8675003052
115.6194229126,-32.8066635132
115.5943603516,-32.6706924438
115.6176223755,-32.6028480530
115.6944961548,-32.5222206116
115.6911544800,-32.5540618896
115.6527709961,-32.5861129761
115.6337280273,-32.6077804565
115.6320648193,-32.6486091614
115.6727066040,-32.7457809448
115.7002563477,-32.7811126709
115.7182464600,-32.7703475952
115.7159881592,-32.7156677246
115.7335968018,-32.6444473267
115.7619323730,-32.5725021362
115.7438735962,-32.4488830566
115.7324829102,-32.3208389282
115.7349853516,-32.2648658752
115.7552566528,-32.1918029785
115.7377624512,-32.0952758789
115.7440032959,-31.9343051910
115.7433090210,-31.8933334351
115.7399826050,-31.8680553436
115.7058181763,-31.7163867950
115.6935882568,-31.6836090088
115.6816635132,-31.6605567932
115.6394271851,-31.5952796936
115.5672073364,-31.4836082458
115.4511032104,-31.3016662598
115.4377517700,-31.2795848846
115.3949890137,-31.1841659546
115.3752593994,-31.1222229004
115.3685913086,-31.1022224426
115.3102493286,-30.9866638184
115.2469329834,-30.8919448853
115.2093582153,-30.8473606110
115.1674804688,-30.7719459534
115.0811004639,-30.5888900757
115.0472717285,-30.5047225952
115.0544891357,-30.4772205353
115.0236129761,-30.2741699219
114.9852600098,-30.1455554962
114.9571990967,-30.0756263733
114.9371948242,-30.0602779388
114.9391479492,-29.7368030548
114.9419326782,-29.6705551147
114.9470672607,-29.6293048859
114.9612350464,-29.5670833588
114.9734497070,-29.5376396179
114.9794311523,-29.5081939697
114.9780426025,-29.4877777100
114.9282379150,-29.3355560303
114.9027709961,-29.2991676331
114.9031066895,-29.2586116791
114.8873443604,-29.2058334351
114.8348541260,-29.0965290070
114.7199935913,-28.9680557251
114.6910934448,-28.9441642761
114.6560211182,-28.9188861847
114.6192779541,-28.8711109161
114.5966491699,-28.8283329010
114.5916595459,-28.7975006104
114.5922088623,-28.7677803040
114.5965042114,-28.7252769470
114.5919265747,-28.6811103821
114.5841445923,-28.6330566406
114.5299835205,-28.5319442749
114.5141601563,-28.5058364868
114.5027770996,-28.4880523682
114.3697128296,-28.3208351135
114.3074798584,-28.2299289703
114.2615203857,-28.2082633972
114.2316589355,-28.1888885498
114.2101287842,-28.1662483215
114.1971969604,-28.1505546570
114.1542892456,-28.0909729004
114.1458282471,-28.0691680908
114.1166534424,-27.9477767944
114.0947036743,-27.8515281677
114.0965118408,-27.8200016022
114.1074829102,-27.7772254944
114.1252593994,-27.7356929779
114.1409606934,-27.7072200775
114.1352691650,-27.6624984741
114.1213684082,-27.6033325195
114.0933227539,-27.5055580139
114.0727691650,-27.4511108398
114.0272064209,-27.3638877869
113.9369201660,-27.1988868713
113.7991485596,-26.9674987793
113.7872009277,-26.9505538940
113.6877593994,-26.8158340454
113.5858230591,-26.6908340454
113.5355377197,-26.6333312988
113.4983825684,-26.5963211060
113.4466400146,-26.5555572510
113.2810897827,-26.3994445801
113.2244262695,-26.2391662598
113.2536010742,-26.1958312988
113.2704696655,-26.1564579010
113.2736129761,-26.1283340454
113.2702636719,-26.1002769470
113.2641601563,-26.0640277863
113.2678985596,-26.0400009155
113.2876586914,-26.0277767181
113.3016510010,-26.1261100769
113.3033065796,-26.1672210693
113.3041534424,-26.2224998474
113.3341522217,-26.2786140442
113.3577575684,-26.1863861084
113.3655395508,-26.1188888550
113.5142974854,-26.2841663361
113.5345687866,-26.3379173279
113.5397033691,-26.4005546570
113.5463714600,-26.5080566406
113.5697174072,-26.5697212219
113.6434555054,-26.6543064117
113.6666564941,-26.6594429016
113.6744232178,-26.6599998474
113.6774673462,-26.6341667175
113.7419281006,-26.5941658020
113.7840118408,-26.6034717560
113.8152618408,-26.5738906860
113.8558197021,-26.5075035095
113.8638763428,-26.4847221375
113.8647003174,-26.4591636658
113.8613739014,-26.3365268707
113.8288040161,-26.2848625183
113.7891464233,-26.2505569458
113.7435913086,-26.2266654968
113.6522064209,-26.1694450378
113.5512237549,-26.0750007629
113.5322113037,-25.9894409180
113.4927597046,-25.8587493896
113.4466400146,-25.7938919067
113.4036026001,-25.7373600006
113.3911056519,-25.7104167938
113.3924865723,-25.6783332825
113.3980407715,-25.6549987793
113.4085998535,-25.6281948090
113.4197082520,-25.6097221375
113.4694366455,-25.5408363342
113.4977569580,-25.5602798462
113.5297088623,-25.6236114502
113.5910949707,-25.7122211456
113.6516571045,-25.7638893127
113.6974105835,-25.7952079773
113.7340850830,-25.8890266418
113.7098464966,-26.0075702667
113.6819152832,-26.0348625183
113.6842803955,-26.1195831299
113.7140045166,-26.1969432831
113.7648468018,-26.2011775970
113.7985916138,-26.1683311462
113.8208312988,-26.1341667175
113.8633117676,-26.0556945801
113.8788604736,-26.0288887024
113.9052581787,-26.1219444275
113.9269332886,-26.2094421387
113.9312362671,-26.2636127472
113.9588775635,-26.3277778625
114.0692901611,-26.4616661072
114.1949081421,-26.3729152679
114.2214431763,-26.2924995422
114.2101287842,-26.2670860291
114.1912307739,-26.2536125183
114.1827468872,-26.2302780151
114.1718521118,-26.1826381683
114.1955337524,-26.0311126709
114.2063827515,-25.9891662598
114.2397003174,-26.0013923645
114.2569427490,-25.9705543518
114.2581100464,-25.8478469849
114.1394271851,-25.7319412231
114.0530395508,-25.6522216797
114.0342864990,-25.6337509155
113.9516601563,-25.4955520630
113.9151229858,-25.4316654205
113.8688735962,-25.3255577087
113.8369293213,-25.2486076355
113.8066482544,-25.1812496185
113.7908172607,-25.1674995422
113.7455291748,-25.1411094666
113.7010803223,-25.1224308014
113.6516494751,-25.0152797699
113.6110992432,-24.8891677856
113.6027679443,-24.8445835114
113.6149826050,-24.8131961823
113.6141433716,-24.7537498474
113.6041564941,-24.7333297729
113.5749969482,-24.6919441223
113.5516510010,-24.6599998474
113.5044403076,-24.6063880920
113.4844207764,-24.5841674805
113.4594345093,-24.5622234344
113.4256744385,-24.5252780914
113.4002685547,-24.4724998474
113.3944396973,-24.4519424438
113.3897094727,-24.4294433594
113.3840789795,-24.2307624817
113.4244232178,-24.1344451904
113.4463729858,-24.0113906860
113.4880371094,-23.8780555725
113.5322113037,-23.7572250366
113.6012420654,-23.6302776337
113.6354064941,-23.5990276337
113.6712875366,-23.5863895416
113.7430343628,-23.5272216797
113.7630462646,-23.4727745056
113.7683334351,-23.4416656494
113.7819976807,-23.3266677856
113.7602691650,-23.1938896179
113.7824935913,-23.1055564880
113.7991485596,-23.0849990845
113.8131790161,-23.0555553436
113.8183288574,-23.0305557251
113.8074798584,-22.9333305359
113.8008117676,-22.9133338928
113.7661056519,-22.8181953430
113.7530441284,-22.7938899994
113.7365798950,-22.7672920227
113.7104034424,-22.7383308411
113.6710968018,-22.6861114502
113.6563720703,-22.6047210693
113.6925048828,-22.5378189087
113.7333221436,-22.4752769470
113.7997131348,-22.3341674805
113.8202667236,-22.2805557251
113.8377685547,-22.2316665649
113.8630371094,-22.1538887024
113.8949890137,-22.0552787781
113.9333190918,-21.9761085510
113.9963684082,-21.8802795410
114.0130462646,-21.8568058014
114.0302734375,-21.8416671753
114.0892944336,-21.8108348846
114.1629714966,-21.7988185883
114.1759567261,-21.8227787018
114.1554031372,-21.8465290070
114.1359481812,-21.8786125183
114.1266479492,-21.9102783203
114.0777664185,-22.1742343903
114.0861129761,-22.2005538940
114.1213684082,-22.2733345032
114.1419372559,-22.3013916016
114.1181030273,-22.3969440460
114.1102600098,-22.4865264893
114.1372146606,-22.5214576721
114.1538696289,-22.5277786255
114.1977462769,-22.5088920593
114.3724822998,-22.4424972534
114.3903350830,-22.3645133972
114.3999862671,-22.3355560303
114.4083328247,-22.3141670227
114.4608230591,-22.1902770996
114.5180511475,-22.0872230530
114.6253967285,-21.9229164124
114.6301116943,-21.9001388550
114.6362304688,-21.8591670990
114.6510925293,-21.8400001526
114.6960906982,-21.8133354187
114.7388763428,-21.8008346558
114.8397064209,-21.7480545044
114.9427566528,-21.6886787415
114.9810867310,-21.6877784729
115.0238723755,-21.6903457642
115.0527572632,-21.6811103821
115.1597137451,-21.6305541992
115.2455291748,-21.5919456482
115.3366470337,-21.5663909912
115.4519271851,-21.5177803040
115.4697113037,-21.5036125183
115.4963684082,-21.4724998474
115.5211029053,-21.4402770996
115.5494232178,-21.4044456482
115.6194305420,-21.3319435120
115.6352691650,-21.3194465637
115.6799850464,-21.2875003815
115.7366485596,-21.2675018311
115.7863769531,-21.2477760315
115.8065109253,-21.2365264893
115.8222198486,-21.2199974060
115.8369293213,-21.1905555725
115.8624877930,-21.1455535889
115.8777618408,-21.1250000000
115.9105453491,-21.0826396942
115.9252548218,-21.0690288544
115.9544372559,-21.0522232056
115.9874877930,-21.0363883972
116.0086135864,-21.0300025940
116.1291503906,-20.9844436646
116.1598510742,-20.9658336639
116.1719207764,-20.9452781677
116.1855316162,-20.9019432068
116.2488708496,-20.8688888550
116.3094177246,-20.8616676331
116.4755401611,-20.8061103821
116.6063003540,-20.7300662994
116.7074890137,-20.6491661072
116.7885131836,-20.6656246185
116.8319244385,-20.7059707642
116.8757476807,-20.7174968719
116.8983306885,-20.7111091614
116.9258193970,-20.6969432831
116.9501190186,-20.6770114899
116.9933166504,-20.6522216797
117.0454025269,-20.6279163361
117.0666732788,-20.6216659546
117.1652603149,-20.6538181305
117.1975555420,-20.6881942749
117.2679061890,-20.7176380157
117.2953948975,-20.7240257263
117.3172073364,-20.7280540466
117.3423385620,-20.7305545807
117.3805389404,-20.7313880920
117.4062347412,-20.7298583984
117.4819335938,-20.7163887024
117.6853866577,-20.6763877869
117.7377624512,-20.6563873291
117.8315200806,-20.6181945801
117.8502731323,-20.6083335876
117.9219207764,-20.5545845032
117.9337310791,-20.5298633575
118.0005493164,-20.4680557251
118.0691528320,-20.4099998474
118.1384582520,-20.3645839691
118.1785202026,-20.3486804962
118.1921997070,-20.3734722137
118.2349929810,-20.3741683960
118.3974914551,-20.3497238159
118.5452575684,-20.3252792358
118.6577606201,-20.3311119080
118.8010864258,-20.2858352661
118.8205413818,-20.2733345032
118.9499816895,-20.1169452667
118.9621963501,-20.0936126709
118.9798812866,-20.0413208008
119.0802688599,-19.9687480927
119.1688690186,-19.9569435120
119.1888732910,-19.9594421387
119.3658065796,-19.9994430542
119.4341430664,-20.0169448853
119.5526275635,-20.0666675568
119.5817947388,-20.0708351135
119.6013793945,-20.0661125183
119.6927490234,-20.0183334351
119.7208328247,-19.9980545044
119.7855377197,-19.9716644287
120.0224914551,-19.9330558777
120.1640090942,-19.9166660309
120.2038726807,-19.9147224426
120.2395629883,-19.9087505341
120.3372116089,-19.8784713745
120.5594177246,-19.7919464111
120.8785934448,-19.6652755737
120.9111022949,-19.6505546570
120.9935989380,-19.6112499237
121.0274810791,-19.5922241211
121.0761032104,-19.5577774048
121.1306686401,-19.5180587769
121.2080383301,-19.4591636658
121.2335968018,-19.4384708405
121.2766571045,-19.3950004578
121.3202667236,-19.3472213745
121.3338775635,-19.3322219849
121.4885864258,-19.1230545044
121.5036010742,-19.0958328247
121.5572128296,-18.9936103821
121.6394271851,-18.8138885498
121.7773437500,-18.6368045807
121.7641525269,-18.6024303436
121.7649993896,-18.5561103821
121.8005371094,-18.4802780151
121.8241500854,-18.4583663940
121.8488693237,-18.4702758789
121.8898468018,-18.4737491608
121.9396972656,-18.4480552673
121.9927520752,-18.4099998474
122.0136032104,-18.3922214508
122.0285873413,-18.3761100769
122.0430526733,-18.3549995422
122.0666732788,-18.3175010681
122.0919342041,-18.3106956482
122.1116485596,-18.2994461060
122.1285934448,-18.2886123657
122.3142852783,-18.1565265656
122.3374862671,-18.1313896179
122.3552627563,-18.1005554199
122.3676147461,-18.0605564117
122.3697128296,-18.0383338928
122.3616561890,-18.0055580139
122.3509597778,-17.9886093140
122.3322067261,-17.9794425964
122.2527770996,-17.9583320618
122.2110977173,-17.8936100006
122.1998443604,-17.7045822144
122.1913604736,-17.6859703064
122.1763687134,-17.6630554199
122.1467895508,-17.5826396942
122.1408233643,-17.5580558777
122.1386032104,-17.5184745789
122.1438827515,-17.3630561829
122.1749877930,-17.2433319092
122.2566528320,-17.1077785492
122.2846984863,-17.0808334351
122.3624877930,-17.0108337402
122.3791503906,-16.9961090088
122.3994293213,-16.9819412231
122.4474105835,-16.9541645050
122.5244293213,-16.9566650391
122.5742950439,-16.9533309937
122.5270614624,-16.8647232056
122.5238800049,-16.8447227478
122.5665130615,-16.7898616791
122.5939331055,-16.7793064117
122.6161575317,-16.7997226715
122.6397094727,-16.7997245789
122.6766510010,-16.7880554199
122.7522125244,-16.7622222900
122.7622070313,-16.7336082458
122.7365722656,-16.6974296570
122.7605514526,-16.6005554199
122.7886657715,-16.5692367554
122.8172073364,-16.5687503815
122.8413696289,-16.5587520599
122.8942947388,-16.5023612976
122.8944320679,-16.4761085510
122.8994293213,-16.4472904205
122.9202575684,-16.4145832062
122.9916534424,-16.3897209167
123.0602493286,-16.4555530548
123.0390777588,-16.4813175201
123.0119323730,-16.4754142761
122.9894866943,-16.4759712219
122.9562301636,-16.5868072510
122.9772109985,-16.6280555725
123.0197067261,-16.6702766418
123.0683135986,-16.6955547333
123.0960998535,-16.7161102295
123.1163787842,-16.7927780151
123.2047119141,-16.9522209167
123.3077468872,-17.1375007629
123.3744201660,-17.2469444275
123.4347076416,-17.3427772522
123.4780426025,-17.4091644287
123.5358123779,-17.4941635132
123.5534439087,-17.5150012970
123.5752716064,-17.5974998474
123.5837402344,-17.5865974426
123.5940170288,-17.5097236633
123.5681762695,-17.4699974060
123.5599822998,-17.4458312988
123.5635986328,-17.3672218323
123.6190109253,-17.2061100006
123.5740127563,-17.0729179382
123.5765151978,-17.0300693512
123.5926208496,-16.9966659546
123.6557540894,-16.9947910309
123.7274780273,-17.0666656494
123.7649841309,-17.1186122894
123.7824935913,-17.1424980164
123.8558197021,-17.2063865662
123.8914489746,-17.2212467194
123.9160232544,-17.2082633972
123.8775634766,-17.1909637451
123.8319320679,-17.1361808777
123.8030395508,-17.0394439697
123.7963714600,-16.9979839325
123.8369293213,-16.9438896179
123.8916625977,-16.8933334351
123.8583221436,-16.8763885498
123.7822113037,-16.8988876343
123.7663726807,-16.8881950378
123.7541732788,-16.8697204590
123.7177581787,-16.7880554199
123.6077575684,-16.6733322144
123.6136016846,-16.5641670227
123.5445632935,-16.5683326721
123.5013732910,-16.5659713745
123.4588775635,-16.5377807617
123.4251785278,-16.4995136261
123.4933166504,-16.4972190857
123.5630264282,-16.5155563354
123.6173400879,-16.5313911438
123.6410980225,-16.5294456482
123.7088775635,-16.4302787781
123.7174835205,-16.3788871765
123.7074813843,-16.3401393890
123.6794281006,-16.3327770233
123.5957489014,-16.3190975189
123.5602569580,-16.2883338928
123.5571975708,-16.2005538940
123.5708999634,-16.1716651917
123.6031799316,-16.1562500000
123.7262344360,-16.1386108398
123.8063964844,-16.1989917755
123.7838668823,-16.2461090088
123.7326965332,-16.2595157623
123.8391571045,-16.3680572510
123.8913726807,-16.3788871765
123.8927688599,-16.3398609161
123.9644317627,-16.2455520630
124.0862426758,-16.2625007629
124.1130371094,-16.2733345032
124.1399765015,-16.2852783203
124.1663742065,-16.3025016785
124.1824798584,-16.3386116028
124.2025527954,-16.3852081299
124.2298431396,-16.4042339325
124.3330307007,-16.4098606110
124.3438644409,-16.3920841217
124.3843612671,-16.3527774811
124.4149932861,-16.3661117554
124.4758071899,-16.3958320618
124.5785980225,-16.4055557251
124.6647033691,-16.3938903809
124.7291488647,-16.3848609924
124.7622756958,-16.3896522522
124.8358230591,-16.4300003052
124.8474884033,-16.4288864136
124.8930435181,-16.4067001343
124.8408203125,-16.4038181305
124.8152618408,-16.3999977112
124.7491531372,-16.3758316040
124.6973419189,-16.3468742371
124.6152572632,-16.3277797699
124.5623474121,-16.3241672516
124.5024871826,-16.3354167938
124.4799804688,-16.3474998474
124.4179000854,-16.3474998474
124.4005432129,-16.3294448853
124.3822021484,-16.2825012207
124.3760833740,-16.2219429016
124.3919372559,-16.1723594666
124.4305419922,-16.1025009155
124.4708328247,-16.0933341980
124.4997100830,-16.1438903809
124.5187377930,-16.1636104584
124.5930480957,-16.1141662598
124.5852737427,-16.0227775574
124.6016464233,-15.9561100006
124.6147003174,-15.9186115265
124.6652679443,-15.8630542755
124.7267150879,-15.8089580536
124.6977462769,-15.7936115265
124.6701202393,-15.7869443893
124.6162185669,-15.8022918701
124.5772094727,-15.8547210693
124.5608062744,-15.8808326721
124.5508117676,-15.8994445801
124.5347137451,-15.9363880157
124.4877624512,-15.9372215271
124.4001998901,-15.8643045425
124.3774719238,-15.7319431305
124.3719253540,-15.6683320999
124.4572677612,-15.4782629013
124.4889373779,-15.4652080536
124.5386657715,-15.4908323288
124.5817947388,-15.5168056488
124.6066436768,-15.5075016022
124.6563720703,-15.4797210693
124.6741485596,-15.4549999237
124.6608123779,-15.3427772522
124.6633148193,-15.2630567551
124.7052688599,-15.2533340454
124.9124908447,-15.3561096191
124.9417800903,-15.3795833588
124.9937286377,-15.4318056107
125.1818084717,-15.5206851959
125.1769943237,-15.5069456100
125.1197128296,-15.4627780914
125.1013793945,-15.4505558014
125.0763702393,-15.4304161072
125.0710983276,-15.4077787399
125.0962982178,-15.3450689316
125.1185989380,-15.3231945038
125.0973434448,-15.3018054962
125.0113830566,-15.3005561829
124.9863662720,-15.3094444275
124.9612350464,-15.3212490082
124.9121017456,-15.3360061646
124.9007568359,-15.2788887024
124.9374771118,-15.2283334732
124.9758148193,-15.2106246948
125.0043640137,-15.2281236649
125.0442581177,-15.1615629196
125.0127716064,-15.1536121368
124.9301147461,-15.2019433975
124.8817749023,-15.2373533249
124.8544311523,-15.2361106873
124.8248519897,-15.1602783203
124.8569335938,-15.1202774048
124.9005355835,-15.1004152298
124.9591522217,-15.1172218323
124.9802703857,-15.1108322144
125.0328979492,-15.0747213364
125.0183334351,-15.0408344269
125.0783233643,-14.9997215271
125.1472167969,-15.1513900757
125.1647109985,-15.1623620987
125.1745605469,-15.1194429398
125.1619262695,-15.0797214508
125.1616516113,-15.0338897705
125.2210998535,-15.0625000000
125.2491531372,-15.0797214508
125.2792892456,-15.1011800766
125.2817916870,-15.1370830536
125.3216552734,-15.1560420990
125.4148406982,-15.1515283585
125.4347686768,-15.1331243515
125.4171371460,-15.1191644669
125.3870010376,-15.1218738556
125.3601913452,-15.0987491608
125.3899765015,-15.0708332062
125.3649902344,-15.0527782440
125.2810974121,-14.9955549240
125.1828918457,-14.9483337402
125.2161026001,-14.9105558395
125.2430419922,-14.9019451141
125.2010955811,-14.8534708023
125.1360244751,-14.7474308014
125.2433166504,-14.5980548859
125.2649993896,-14.5772228241
125.3361129761,-14.5230560303
125.3883209229,-14.5450000763
125.5530242920,-14.5559720993
125.5888824463,-14.5494441986
125.5947113037,-14.4924983978
125.5994262695,-14.4269447327
125.5799942017,-14.3088884354
125.5847167969,-14.2611122131
125.5927581787,-14.2416667938
125.6183166504,-14.2224292755
125.7286682129,-14.2731943130
125.7067871094,-14.3395824432
125.6422424316,-14.6301040649
125.6608123779,-14.6116657257
125.7051239014,-14.4831943512
125.7130432129,-14.4380550385
125.7227935791,-14.4043054581
125.8430404663,-14.4648609161
125.8249893188,-14.5724992752
125.8438796997,-14.6073598862
125.9027709961,-14.6436119080
125.9088668823,-14.6452789307
125.9238662720,-14.6174983978
125.9909515381,-14.5472221375
126.0376205444,-14.5152082443
126.0663833618,-14.3441658020
126.1433181763,-14.1924991608
126.1466522217,-14.1299991608
126.0815124512,-13.9659023285
126.0535888672,-13.9516658783
126.0175933838,-13.9265270233
126.0674896240,-13.9155559540
126.1480407715,-13.9274997711
126.2174835205,-13.9619445801
126.2088623047,-14.0372924805
126.1844253540,-14.0483331680
126.1572723389,-14.0590963364
126.1916427612,-14.1684026718
126.2341384888,-14.1797218323
126.2802047729,-14.2151384354
126.2877731323,-14.2330551147
126.3133087158,-14.1936111450
126.2945709229,-14.1405563354
126.3091354370,-14.0894441605
126.3341522217,-14.0504169464
126.4313735962,-13.9750003815
126.5024871826,-13.9647216797
126.4910888672,-14.0091667175
126.4553375244,-14.0775346756
126.5683288574,-14.2205543518
126.6005401611,-14.2297210693
126.7038803101,-14.1237497330
126.7891464233,-13.9713878632
126.7619323730,-13.8394432068
126.7459564209,-13.7954168320
126.8579025269,-13.7509717941
126.9558334351,-13.7282066345
127.0177612305,-13.7763900757
127.0747451782,-13.8485755920
127.0575485229,-13.8863201141
127.1284179688,-13.9714918137
127.1535873413,-13.9327774048
127.1541595459,-13.8999996185
127.2419281006,-13.8963890076
127.3555526733,-13.9294452667
127.4252548218,-13.9540271759
127.4512329102,-13.9933328629
127.5211029053,-14.0861110687
127.6580352783,-14.1759719849
127.7316589355,-14.2677783966
127.7605361938,-14.3005561829
127.7791595459,-14.3352775574
127.8733062744,-14.4733333588
127.9571990967,-14.5816659927
127.9826202393,-14.5738887787
128.0001220703,-14.5606946945
128.0313720703,-14.5830545425
128.1234283447,-14.6562509537
128.1694335938,-14.7027778625
128.1827392578,-14.7416667938
128.1882934570,-14.8002777100
128.1399841309,-14.8677768707
128.0877380371,-15.0252780914
128.0694122314,-15.1008329391
128.0698852539,-15.1362495422
128.0797271729,-15.2060832977
128.0730285645,-15.3965282440
128.0631713867,-15.4316673279
128.0533142090,-15.4519443512
128.0317840576,-15.4726381302
128.0208435059,-15.4982290268
128.0435791016,-15.4913883209
128.0689849854,-15.4718036652
128.0860748291,-15.4531946182
128.0970458984,-15.4343051910
128.1058044434,-15.4027786255
128.1138610840,-15.3430557251
128.1188354492,-15.2905559540
128.1181335449,-15.2486591339
128.1321411133,-15.2140550613
128.1817169189,-15.2334108353
128.2220306396,-15.2729101181
128.2576141357,-15.3059720993
128.2645721436,-15.3511800766
128.2871856689,-15.4006948471
128.2927551270,-15.3422222137
128.2919158936,-15.3037500381
128.2849731445,-15.2811117172
128.2463836670,-15.2225971222
128.2244110107,-15.1905555725
128.1921081543,-15.0652084351
128.2046813965,-15.0380554199
128.2207946777,-15.0148620605
128.3062896729,-14.9127769470
128.3262786865,-14.9164590836
128.3284454346,-14.9481945038
128.3403778076,-15.0191679001
128.3530120850,-15.0442361832
128.4482879639,-15.0470829010
128.4582366943,-15.0016660690
128.4299011230,-14.9583320618
128.4185791016,-14.9319438934
128.4094238281,-14.9045829773
128.3876800537,-14.7999992371
128.5102539063,-14.7641677856
128.5359649658,-14.7584724426
128.6580200195,-14.7825012207
128.9027709961,-14.8402767181
128.9999694824,-14.8710775375
129.0638732910,-14.8875007629
129.0894165039,-14.8994445801
129.1855316162,-14.9799985886
129.1744079590,-15.1625003815
129.1910705566,-15.1825008392
129.2563781738,-15.1041660309
129.2377471924,-15.0015277863
129.2184295654,-14.8613882065
129.2296142578,-14.8392353058
129.3327484131,-14.8672218323
129.4620361328,-14.9305553436
129.4867706299,-14.9490280151
129.6313018799,-15.1075010300
129.6685943604,-15.1547231674
129.6766052246,-15.2032279968
129.7319641113,-15.1821880341
129.6958007813,-15.1309728622
129.6634521484,-15.0955028534
129.6264801025,-15.0216674805
129.6139221191,-14.9469432831
129.6364440918,-14.9050149918
129.6438140869,-14.8727483749
129.6473388672,-14.8377761841
129.6972045898,-14.8538875580
129.8015747070,-14.8639574051
129.8646850586,-14.8430557251
129.9288635254,-14.7900009155
129.9444274902,-14.7677783966
129.8055419922,-14.8150005341
129.7658233643,-14.8227090836
129.7188568115,-14.7968053818
129.6753845215,-14.7660427094
129.6035766602,-14.6744451523
129.5865631104,-14.6280555725
129.6237792969,-14.6103878021
129.6475830078,-14.6090555191
129.6702423096,-14.6092214584
129.7034301758,-14.6019439697
129.7687377930,-14.5573616028
129.7727508545,-14.5355901718
129.7124633789,-14.5588893890
129.6598968506,-14.5721797943
129.5905151367,-14.5680561066
129.5401153564,-14.5502786636
129.4549560547,-14.5030555725
129.3585052490,-14.4136810303
129.3702392578,-14.3333320618
129.4305419922,-14.2222213745
129.4924621582,-14.1422233582
129.5810852051,-14.0861110687
129.6963653564,-14.0231952667
129.7138519287,-14.0133342743
129.7327270508,-13.9947223663
129.7466125488,-13.9641666412
129.7874755859,-13.7441654205
129.7823333740,-13.6984720230
129.7885742188,-13.6680555344
129.8288574219,-13.5169458389
129.8999023438,-13.4450340271
129.9095001221,-13.5079164505
129.9441375732,-13.5273618698
129.9638671875,-13.5308341980
129.9930419922,-13.5262632370
130.0411682129,-13.5098619461
130.1149597168,-13.4624996185
130.1641540527,-13.4291667938
130.2644348145,-13.3252773285
130.2546997070,-13.2880554199
130.1920471191,-13.2040281296
130.1578826904,-13.1763887405
130.1240386963,-13.1692361832
130.1157836914,-13.1476392746
130.1155090332,-13.0666656494
130.1245422363,-12.9702768326
130.1407012939,-12.9259243011
130.1821899414,-12.9079170227
130.1959991455,-12.9333333969
130.2257232666,-12.9467363358
130.2631835938,-12.9387502670
130.2949829102,-12.9201393127
130.3276062012,-12.8940286636
130.3407897949,-12.8761100769
130.3530120850,-12.8387498856
130.3538513184,-12.7397918701
130.3439788818,-12.7061100006
130.3544158936,-12.6726388931
130.5090026855,-12.6044435501
130.5547180176,-12.6633472443
130.6007995605,-12.7073602676
130.6274414063,-12.7108325958
130.6888275146,-12.7010755539
130.6444396973,-12.6811122894
130.6041259766,-12.6766662598
130.5869598389,-12.6298332214
130.5755157471,-12.5709018707
130.5910644531,-12.5347232819
130.6023254395,-12.5068054199
130.6093292236,-12.4271526337
130.5792694092,-12.4046535492
130.5942687988,-12.3898611069
130.6284484863,-12.3851394653
130.6560974121,-12.3891677856
130.7704010010,-12.4295835495
130.8963623047,-12.6402778625
130.8966369629,-12.6075000763
130.9541320801,-12.5363883972
130.8476715088,-12.4624309540
130.8157958984,-12.4447231293
130.8258056641,-12.4063892365
130.8471832275,-12.3730545044
130.8858032227,-12.3541660309
130.9260864258,-12.3481941223
130.9794006348,-12.3552780151
131.0269165039,-12.3583335876
131.0361022949,-12.3266658783
131.0263671875,-12.2406940460
131.0030212402,-12.2077083588
130.9984588623,-12.1868057251
131.0243225098,-12.1495828629
131.1140594482,-12.1536808014
131.1727600098,-12.1933326721
131.2132873535,-12.2174987793
131.3441162109,-12.2236099243
131.3707885742,-12.2477779388
131.4145507813,-12.2781944275
131.4363555908,-12.2891664505
131.4599761963,-12.2951393127
131.4925994873,-12.2972221375
131.6755371094,-12.2883338928
131.7364959717,-12.2825002670
131.7744293213,-12.2747230530
131.9315032959,-12.2680559158
131.9752502441,-12.2866668701
132.0626678467,-12.3090972900
132.2235717773,-12.1999988556
132.3609313965,-12.2023611069
132.3841552734,-12.2313890457
132.4173431396,-12.3071527481
132.3962249756,-12.3338184357
132.3840179443,-12.3587493896
132.3836059570,-12.3799991608
132.4062194824,-12.3599996567
132.4376220703,-12.3255558014
132.4447021484,-12.3020839691
132.4343566895,-12.2533063889
132.4273529053,-12.2283887863
132.4245605469,-12.1855564117
132.4443511963,-12.1502771378
132.5781555176,-12.1029157639
132.6013336182,-12.1172904968
132.6827392578,-12.1405563354
132.7162780762,-12.1459722519
132.7489929199,-12.1354160309
132.7098236084,-12.1306238174
132.6384582520,-12.0786104202
132.6275939941,-12.0327777863
132.6246643066,-11.8088893890
132.6349792480,-11.7449989319
132.6463623047,-11.7283334732
132.6914978027,-11.6581954956
132.6580352783,-11.6356954575
132.5402526855,-11.5475006104
132.4899597168,-11.4769439697
132.4484405518,-11.4513883591
132.3963623047,-11.4408340454
132.3727416992,-11.4377784729
132.2295379639,-11.4612503052
132.1624755859,-11.4920825958
132.1058044434,-11.5263900757
132.0867767334,-11.5247230530
132.0626068115,-11.5105562210
131.9902343750,-11.4297218323
131.9705810547,-11.3643741608
131.9027709961,-11.3227767944
131.8652496338,-11.3091669083
131.8303833008,-11.3132076263
131.7970581055,-11.3216657639
131.7709503174,-11.3176383972
131.7642669678,-11.3066873550
131.7727661133,-11.2952785492
131.8741149902,-11.1772232056
131.9843292236,-11.1274299622
132.0052490234,-11.1358337402
132.0902404785,-11.2299995422
132.1659393311,-11.4064588547
132.2049560547,-11.4097232819
132.2355041504,-11.3552780151
132.1924743652,-11.2222213745
132.1702575684,-11.1913890839
132.1466827393,-11.1400003433
132.1812286377,-11.1318044662
132.2760925293,-11.1636114120
132.3405151367,-11.1301383972
132.4585876465,-11.2180557251
132.5034484863,-11.2644453049
132.5135955811,-11.3084716797
132.6497039795,-11.4902772903
132.6719818115,-11.5081262589
132.7263488770,-11.5195150375
132.7724914551,-11.4838886261
132.8341369629,-11.4002780914
132.8746795654,-11.3333663940
132.9180297852,-11.3369445801
132.9424743652,-11.3619441986
132.9965057373,-11.4197225571
133.0519104004,-11.5025005341
133.0732269287,-11.5598611832
133.0991210938,-11.6108322144
133.1462402344,-11.6877775192
133.1619110107,-11.7036113739
133.1830444336,-11.7166652679
133.2044067383,-11.7250003815
133.2382812500,-11.7349987030
133.2513732910,-11.7369441986
133.3074645996,-11.6994438171
133.3566894531,-11.7014226913
133.4071960449,-11.7741680145
133.5488586426,-11.8327770233
133.6167755127,-11.8345823288
133.6652526855,-11.8194446564
133.7622070313,-11.7676401138
133.7835998535,-11.7486114502
133.7994232178,-11.7183332443
133.8321838379,-11.7174987793
133.9083251953,-11.7361106873
133.9194335938,-11.7672233582
133.8500976563,-11.8061113358
133.8348846436,-11.8297910690
133.8394012451,-11.8541660309
133.8710632324,-11.8827762604
133.9426727295,-11.9122915268
133.9980926514,-11.8864583969
134.0151214600,-11.8643045425
134.0273437500,-11.8479156494
134.0503997803,-11.8444433212
134.1855163574,-11.9463882446
134.1738586426,-11.9658336639
134.1877441406,-12.0461120605
134.2066345215,-12.0616655350
134.3699645996,-12.0377788544
134.3947143555,-12.0502777100
134.4210815430,-12.0587501526
134.4945526123,-12.0675001144
134.5160827637,-12.0666656494
134.5985717773,-12.0563888550
134.6726837158,-12.0011796951
134.7713775635,-11.9958324432
134.8013610840,-12.0433330536
134.8706512451,-12.1316661835
134.9069213867,-12.1413898468
134.9971923828,-12.1963882446
135.0838623047,-12.2666664124
135.1924743652,-12.2769451141
135.2313537598,-12.2944450378
135.2260742188,-12.2755565643
135.2419128418,-12.2238883972
135.2669372559,-12.1719455719
135.3283081055,-12.1116657257
135.3796691895,-12.0902767181
135.4194946289,-12.1020126343
135.4378051758,-12.1152772903
135.5860900879,-12.0983333588
135.6627502441,-12.0372228622
135.6392822266,-12.0246534348
135.6121826172,-12.0397224426
135.5825347900,-12.0577774048
135.5724029541,-12.0330553055
135.5932312012,-11.9577083588
135.6857910156,-11.9333324432
135.7084503174,-11.9359722137
135.7331542969,-11.9408330917
135.7535400391,-11.9350547791
135.8380126953,-11.8724994659
135.8804626465,-11.8350000381
135.8822631836,-11.7945833206
135.8763427734,-11.7647924423
135.9127502441,-11.7655563354
135.9353942871,-11.7848615646
135.9466247559,-11.8041667938
135.9163818359,-11.8524990082
135.8555297852,-11.8944454193
135.7460021973,-11.9945135117
135.7882995605,-12.0436115265
135.6734466553,-12.1595134735
135.6691436768,-12.1908330917
135.6746978760,-12.2145833969
135.6887207031,-12.2374992371
135.7355041504,-12.2808341980
135.7863616943,-12.2587509155
135.8012237549,-12.2183332443
135.8835754395,-12.1518058777
136.0230407715,-12.1119441986
135.9380950928,-12.2172555923
135.9718322754,-12.2677087784
135.9987182617,-12.2641677856
136.0156860352,-12.2458324432
136.0459442139,-12.2340269089
136.0634765625,-12.2641315460
135.9831542969,-12.3779163361
136.0105285645,-12.4447231293
136.0341491699,-12.4697208405
136.0397033691,-12.4716663361
136.0491333008,-12.4599990845
136.0810852051,-12.4455547333
136.1568450928,-12.4376392365
136.1710205078,-12.4611797333
136.2401580811,-12.4549999237
136.2937316895,-12.4143056870
136.3491210938,-12.2911109924
136.3639221191,-12.2397212982
136.3374633789,-12.2056932449
136.3126220703,-12.2063884735
136.2903900146,-12.2134723663
136.2429504395,-12.2171516418
136.1819152832,-12.1915273666
136.1777496338,-12.1669454575
136.2816467285,-12.0655555725
136.4510803223,-11.9541664124
136.5621948242,-11.9344444275
136.5391540527,-12.0097236633
136.6018981934,-12.1830549240
136.6157836914,-12.2066669464
136.6732330322,-12.2845144272
136.7185668945,-12.2834033966
136.7572021484,-12.2562503815
136.7540588379,-12.2343044281
136.7227325439,-12.2159709930
136.6883087158,-12.2109022141
136.6940002441,-12.1915273666
136.7754058838,-12.1717367172
136.8764038086,-12.2227087021
136.9310913086,-12.2836112976
136.9783630371,-12.3581590652
136.9574584961,-12.3816661835
136.8038635254,-12.4774990082
136.7452392578,-12.5441665649
136.6435852051,-12.7041664124
136.6207885742,-12.8252773285
136.4944152832,-12.7791671753
136.4843444824,-12.8459434509
136.5460815430,-12.9580545425
136.5452575684,-13.0550003052
136.5283203125,-13.1499996185
136.4766235352,-13.2122211456
136.4580078125,-13.2525005341
136.4488525391,-13.2204856873
136.4084472656,-13.2393054962
136.3677368164,-13.2472209930
136.3710632324,-13.1744441986
136.3718261719,-13.0691661835
136.3566284180,-13.0537500381
136.3254547119,-13.0613193512
136.3090209961,-13.1004161835
136.2861022949,-13.1663894653
136.2435607910,-13.2052783966
136.2002410889,-13.2391653061
136.1596984863,-13.2420825958
136.1455993652,-13.2034721375
136.0971984863,-13.1847229004
135.9932861328,-13.2247209549
135.9272613525,-13.2778472900
135.8915100098,-13.3384723663
135.8946380615,-13.3660402298
135.9349670410,-13.3969459534
135.9085998535,-13.4558334351
135.8641357422,-13.4916667938
135.8442687988,-13.5811109543
135.8457946777,-13.6038875580
135.8889923096,-13.7286796570
135.9273986816,-13.7489576340
135.9602355957,-13.7466659546
135.9826049805,-13.7358331680
136.0080413818,-13.7155551910
136.0258178711,-13.6877784729
136.0202636719,-13.7625007629
135.9885559082,-13.8666648865
135.9246826172,-13.9619445801
135.9083251953,-14.0674991608
135.8969421387,-14.1427783966
135.8691253662,-14.1945838928
135.8038635254,-14.2308330536
135.7737274170,-14.2497224808
135.7527770996,-14.2711124420
135.6213531494,-14.4375000000
135.5613708496,-14.5308341980
135.5513610840,-14.5491676331
135.5405273438,-14.5736103058
135.5313720703,-14.6192340851
135.5382995605,-14.6466665268
135.5058288574,-14.6694450378
135.4132995605,-14.7294454575
135.3727416992,-14.7288875580
135.4055480957,-14.8302783966
135.4122009277,-14.8508319855
135.4340057373,-14.9023618698
135.4513549805,-14.9327774048
135.4764099121,-14.9645824432
135.5428924561,-15.0193052292
135.5882873535,-15.0391664505
135.6085815430,-15.0450000763
135.6705322266,-15.0644445419
135.8518981934,-15.1774997711
135.8821716309,-15.1969451904
135.9154052734,-15.2268047333
135.9369201660,-15.2536134720
135.9445495605,-15.2594451904
136.0566406250,-15.3155555725
136.2121887207,-15.3944454193
136.2410736084,-15.4184722900
136.2527770996,-15.4752769470
136.2651214600,-15.5404167175
136.2796325684,-15.5673608780
136.3199615479,-15.6030550003
136.3410644531,-15.6119441986
136.4574584961,-15.6580562592
136.5685729980,-15.7183322906
136.5982971191,-15.7391662598
136.6710815430,-15.8002777100
136.7174682617,-15.8631935120
136.7658081055,-15.9044456482
136.8607788086,-15.9122219086
136.9205322266,-15.9063892365
137.0305480957,-15.9147224426
137.1366577148,-15.9686107635
137.2813720703,-16.0619449615
137.3020629883,-16.0802783966
137.3391418457,-16.1075019836
137.3691253662,-16.1276397705
137.4341430664,-16.1563873291
137.4882965088,-16.1763877869
137.5126190186,-16.1756935120
137.5437316895,-16.1748619080
137.5852355957,-16.1877784729
137.6466369629,-16.2080535889
137.7376708984,-16.2517356873
137.7738647461,-16.3005561829
137.7915039063,-16.3276386261
137.8162231445,-16.3740272522
137.8588409424,-16.4380550385
137.8866577148,-16.4566650391
137.9338684082,-16.4936103821
137.9713439941,-16.5272254944
138.0002746582,-16.5547218323
138.0666503906,-16.6147232056
138.1188354492,-16.6547203064
138.1474914551,-16.6758308411
138.1948242188,-16.7073593140
138.2908020020,-16.7424964905
138.4352416992,-16.7788887024
138.4669189453,-16.7852783203
138.4869079590,-16.7877807617
138.5141601563,-16.7883338928
138.5896911621,-16.7836112976
138.6395416260,-16.7793064117
138.6589965820,-16.7880554199
138.6873321533,-16.8126392365
138.8432922363,-16.8758335114
138.8677368164,-16.8805541992
138.9069213867,-16.8849983215
138.9341430664,-16.8852767944
138.9874572754,-16.8902778625
139.0105438232,-16.8991661072
139.0310821533,-16.9148597717
139.1413574219,-17.0741691589
139.1430358887,-17.1237506866
139.1458282471,-17.1472225189
139.1508178711,-17.1688880920
139.1627502441,-17.2030525208
139.2130126953,-17.2971534729
139.2441101074,-17.3291664124
139.2605285645,-17.3424987793
139.2835998535,-17.3541679382
139.3366394043,-17.3677768707
139.3738403320,-17.3716659546
139.4121246338,-17.3713188171
139.4371948242,-17.3791656494
139.5354614258,-17.4417343140
139.5887145996,-17.4891643524
139.6164855957,-17.5208358765
139.6416625977,-17.5345840454
139.6649780273,-17.5419464111
139.6924743652,-17.5497245789
139.7463378906,-17.5638885498
139.7802734375,-17.5708770752
139.8141479492,-17.5752792358
139.8827209473,-17.6141662598
139.9519042969,-17.6659717560
139.9793395996,-17.6972198486
140.0185852051,-17.7127761841
140.0585784912,-17.7184715271
140.1321716309,-17.7191658020
140.3743896484,-17.6797218323
140.3966369629,-17.6733322144
140.4949645996,-17.6408348083
140.5341491699,-17.6244430542
140.6199645996,-17.5799999237
140.6377563477,-17.5669441223
140.6611022949,-17.5483360291
140.7580261230,-17.4777755737
140.7858123779,-17.4634704590
140.8109436035,-17.4583320618
140.8332977295,-17.4519424438
140.8596801758,-17.4111099243
140.8774414063,-17.3783340454
140.8858032227,-17.3597221375
140.9421997070,-17.1511116028
140.9524536133,-17.0969467163
140.9548187256,-17.0595130920
140.9477539063,-17.0231952667
140.9569091797,-17.0011138916
140.9724731445,-16.9813880920
141.0510864258,-16.8838882446
141.1788635254,-16.7249984741
141.1944274902,-16.7038879395
141.2142791748,-16.6677780151
141.2688598633,-16.5430564880
141.2861022949,-16.5033340454
141.2982025146,-16.4486789703
141.3155212402,-16.3575019836
141.3269042969,-16.3319435120
141.3502502441,-16.2563896179
141.4132995605,-16.1072235107
141.4265747070,-16.0743751526
141.4005432129,-15.9058341980
141.4227600098,-15.7419433594
141.4316406250,-15.6791667938
141.4357910156,-15.6550006866
141.4605102539,-15.5361118317
141.4716186523,-15.5044460297
141.5716247559,-15.2786121368
141.6345672607,-15.1493062973
141.6655273438,-15.0265283585
141.6587371826,-14.9934720993
141.6324462891,-14.9380550385
141.6180114746,-14.9141674042
141.6067657471,-14.8944454193
141.5952453613,-14.8616657257
141.5664978027,-14.7636127472
141.5209503174,-14.4812498093
141.5220642090,-14.4491672516
141.5361022949,-14.3986110687
141.5452575684,-14.3736095428
141.5660705566,-14.3233337402
141.5863494873,-14.2797222137
141.5931701660,-14.2555541992
141.5991210938,-14.1924991608
141.6001129150,-14.1437501907
141.5930175781,-14.1044435501
141.5781707764,-14.0654172897
141.5516357422,-14.0322227478
141.5226287842,-14.0094451904
141.5019226074,-13.9855556488
141.4774627686,-13.9484720230
141.4695434570,-13.9258327484
141.4657897949,-13.8970842361
141.4657897949,-13.8683319092
141.4688415527,-13.8280563354
141.4738464355,-13.7969455719
141.4796752930,-13.7672233582
141.4974670410,-13.6800003052
141.5046997070,-13.6502780914
141.5177612305,-13.6043052673
141.5419311523,-13.5327777863
141.5610046387,-13.4922895432
141.6124572754,-13.4147224426
141.6831665039,-13.2809724808
141.6887207031,-13.2540273666
141.6866302490,-13.2329168320
141.6772766113,-13.2100687027
141.6508026123,-13.1931943893
141.6309204102,-13.1594448090
141.5856628418,-12.9863882065
141.5938415527,-12.9575004578
141.6067657471,-12.9345836639
141.6421203613,-12.9110422134
141.7085876465,-12.8709716797
141.7230224609,-12.8552780151
141.7477416992,-12.8244438171
141.7668609619,-12.7930564880
141.7906799316,-12.7195835114
141.7969207764,-12.6912498474
141.8228759766,-12.6917495728
141.8567657471,-12.7093324661
141.8894195557,-12.7634735107
141.8927612305,-12.7965278625
141.8910980225,-12.8213891983
141.8899841309,-12.8436107635
141.9319152832,-12.9072227478
141.9403076172,-12.8649988174
141.8838653564,-12.7041673660
141.8393554688,-12.6725006104
141.7688598633,-12.5699996948
141.7277526855,-12.5127792358
141.7177429199,-12.4933319092
141.7476043701,-12.4697217941
141.7280273438,-12.4555549622
141.6622009277,-12.4511108398
141.6537322998,-12.5097227097
141.6614379883,-12.5319442749
141.6852416992,-12.5516662598
141.6268920898,-12.5695838928
141.5923919678,-12.5545139313
141.5941162109,-12.5316677094
141.6066894531,-12.5092954636
141.6218872070,-12.4825000763
141.6602478027,-12.4013900757
141.6688537598,-12.3819427490
141.6882934570,-12.3319444656
141.7530517578,-12.2466659546
141.7758178711,-12.2136116028
141.7599792480,-12.1788883209
141.8053894043,-12.0516672134
141.8201141357,-12.0281944275
141.8491210938,-11.9884710312
141.8924407959,-11.9689989090
141.8910827637,-11.9944438934
141.9169311523,-12.0888881683
142.0236663818,-12.0677776337
142.0316467285,-12.0435419083
141.9785766602,-11.9812498093
141.9505157471,-11.9654016495
141.9466247559,-11.9244441986
141.9577331543,-11.8508319855
141.9688568115,-11.8084726334
142.0558166504,-11.5502777100
142.0819091797,-11.4855556488
142.1002502441,-11.4469451904
142.1228637695,-11.3726387024
142.1291198730,-11.3369445801
142.1588745117,-11.1494445801
142.1588745117,-11.1238880157
142.1569213867,-11.0924987793
142.1528930664,-11.0512495041
142.1474151611,-11.0247230530
142.1381683350,-10.9736099243
142.1476898193,-10.9491662979
142.1846771240,-10.9229164124
142.2115020752,-10.9233331680
142.3044128418,-10.9077777863
142.3430175781,-10.8954172134
142.3995513916,-10.8219442368
142.4119262695,-10.7959718704
142.4169311523,-10.7688894272
142.4239959717,-10.7409706116
142.4444274902,-10.7097225189
142.5188598633,-10.7066669464
142.5566406250,-10.7216663361
142.6131439209,-10.7507638931
142.5822601318,-10.7984189987
142.5162963867,-10.8582630157
142.5092926025,-10.9502773285
142.5306091309,-10.9354858398
142.5541381836,-10.8902788162
142.5726776123,-10.8702068329
142.6089782715,-10.8724985123
142.7244110107,-10.9629173279
142.7448272705,-10.9865264893
142.7882995605,-11.0805559158
142.8041381836,-11.1672229767
142.8607788086,-11.3616657257
142.8659362793,-11.3912506104
142.8401031494,-11.5112514496
142.8563537598,-11.6230554581
142.8674621582,-11.7158336639
142.8663635254,-11.7422218323
142.8605041504,-11.7780570984
142.8598175049,-11.8331937790
142.8780212402,-11.8586101532
142.9687194824,-11.9273614883
142.9882812500,-11.9355554581
143.0142822266,-11.9365282059
143.0374755859,-11.9327774048
143.0606689453,-11.9184722900
143.0826110840,-11.9063892365
143.1033020020,-11.9036121368
143.1315002441,-11.9148616791
143.1991271973,-11.9874992371
143.1611022949,-12.0458335876
143.1472167969,-12.0672225952
143.1021728516,-12.1402778625
143.0819091797,-12.2250003815
143.0749816895,-12.2922229767
143.0774688721,-12.3343048096
143.1289825439,-12.3490276337
143.1601867676,-12.3407630920
143.2117614746,-12.3641653061
143.2224731445,-12.3769435883
143.2485809326,-12.3831243515
143.2758178711,-12.4130563736
143.2769927979,-12.4590969086
143.2719268799,-12.4898595810
143.2793426514,-12.5176391602
143.3238525391,-12.5629167557
143.3615417480,-12.5661802292
143.4131774902,-12.5933332443
143.4299774170,-12.6168050766
143.4111022949,-12.6777782440
143.3915100098,-12.7137498856
143.3751068115,-12.7427778244
143.3664855957,-12.7802782059
143.3602294922,-12.8280553818
143.3623199463,-12.8488883972
143.4058227539,-12.8704156876
143.4755249023,-12.8627777100
143.5044250488,-12.8591651917
143.5141601563,-12.8791656494
143.5099792480,-13.0016670227
143.5055541992,-13.0444450378
143.5006561279,-13.0731248856
143.4982910156,-13.0986099243
143.5169372559,-13.2691669464
143.5216369629,-13.3041667938
143.5285949707,-13.3405542374
143.5448455811,-13.3645124435
143.5685882568,-13.3774986267
143.5946807861,-13.4320135117
143.5866394043,-13.5261116028
143.5780334473,-13.5613899231
143.5533142090,-13.6416683197
143.5308074951,-13.7563896179
143.5455322266,-13.8022232056
143.6013488770,-13.9361114502
143.6160583496,-13.9558334351
143.6399688721,-13.9802770615
143.6692810059,-14.0029163361
143.6857299805,-14.0232639313
143.6938476563,-14.0699996948
143.7033081055,-14.1424989700
143.6985015869,-14.1853818893
143.7119140625,-14.2394428253
143.7370452881,-14.3191671371
143.7730407715,-14.3952789307
143.7821960449,-14.4133338928
143.7977600098,-14.4325008392
143.8160705566,-14.4494438171
143.8603820801,-14.4783325195
143.8876190186,-14.4872217178
143.9344177246,-14.4919433594
143.9632873535,-14.4936103821
144.0118560791,-14.4877071381
144.0923309326,-14.4372224808
144.1535949707,-14.3799991608
144.3419189453,-14.3013896942
144.3891601563,-14.2805557251
144.4351043701,-14.2540273666
144.4491271973,-14.2366657257
144.4623260498,-14.2115278244
144.4710693359,-14.1888885498
144.4762115479,-14.1630563736
144.5159454346,-14.1716661453
144.5591430664,-14.2299995422
144.5785827637,-14.2631950378
144.5676116943,-14.3038892746
144.5669250488,-14.3584718704
144.6145477295,-14.4847221375
144.6767730713,-14.5573616028
144.7835998535,-14.5980548859
144.8281707764,-14.6138877869
144.8498229980,-14.6165266037
144.8966064453,-14.6182289124
144.9323272705,-14.6897211075
144.9402465820,-14.7334718704
144.9593353271,-14.7537508011
144.9955139160,-14.7686119080
145.0758666992,-14.8031749725
145.2063598633,-14.8624992371
145.3157958984,-14.9455547333
145.3097076416,-15.0044450760
145.2846984863,-15.0349998474
145.2713623047,-15.0563888550
145.2549743652,-15.0827770233
145.2430114746,-15.1049995422
145.2342681885,-15.1344442368
145.2339935303,-15.1597232819
145.2377319336,-15.1930561066
145.2769165039,-15.2569446564
145.2855224609,-15.3044452667
145.2894287109,-15.3311119080
145.2485656738,-15.4463882446
145.2777709961,-15.4894428253
145.3049621582,-15.5547218323
145.3595428467,-15.7343053818
145.3616333008,-15.7622222900
145.3571777344,-15.8188896179
145.3530273438,-15.8858337402
145.3591918945,-15.9154167175
145.3763427734,-15.9312505722
145.3951110840,-15.9444446564
145.4099731445,-15.9647216797
145.4498291016,-16.0379180908
145.4623260498,-16.0830574036
145.4462127686,-16.2875003815
145.4189910889,-16.3202800751
145.4088592529,-16.3381958008
145.4020538330,-16.4409713745
145.4114990234,-16.4702072144
145.4644165039,-16.5022239685
145.5094299316,-16.5611114502
145.6163635254,-16.6986083984
145.6683044434,-16.7369422913
145.7283020020,-16.8163909912
145.7734527588,-16.8851394653
145.8060913086,-16.9130554199
145.8388519287,-16.8862495422
145.9318389893,-16.8710403442
145.9554443359,-16.8990955353
145.9111022949,-16.9716644287
145.8960876465,-16.9980545044
145.8781585693,-17.0404167175
145.8828125000,-17.0717353821
145.9538574219,-17.1886100769
146.0319213867,-17.3644447327
146.0855102539,-17.5527801514
146.1042633057,-17.6916656494
146.0860900879,-17.7872238159
146.1007995605,-17.8897209167
146.0939941406,-17.9558334351
146.0790557861,-17.9868030548
146.0631561279,-18.0054187775
146.0372009277,-18.0508346558
146.0016479492,-18.1422214508
146.0013732910,-18.1761093140
146.0094299316,-18.2380523682
146.0233154297,-18.2688903809
146.2119140625,-18.4916648865
146.2283020020,-18.5050010681
146.2572021484,-18.5111122131
146.2933044434,-18.5144462585
146.3335723877,-18.5356254578
146.3374633789,-18.5669441223
146.3321838379,-18.6175003052
146.3262176514,-18.6473617554
146.3044128418,-18.6813888550
146.2908020020,-18.7105560303
146.2810821533,-18.7472209930
146.2681732178,-18.8536128998
146.2776184082,-18.8870143890
146.3356628418,-18.9604148865
146.3796691895,-18.9980545044
146.4235839844,-19.0255584717
146.4480285645,-19.0711116791
146.5652465820,-19.1436119080
146.6344299316,-19.1752777100
146.6544189453,-19.1838874817
146.6991271973,-19.1935405731
146.7377471924,-19.1811809540
146.7635955811,-19.1868057251
146.8146972656,-19.2430534363
146.8857879639,-19.3029880524
146.9535827637,-19.3058357239
147.0722045898,-19.3427772522
147.1177368164,-19.3902778625
147.1394348145,-19.4027786255
147.2533264160,-19.4258308411
147.4319152832,-19.4123611450
147.4465026855,-19.3827075958
147.4383087158,-19.3634719849
147.4219055176,-19.3419456482
147.4014892578,-19.3079509735
147.4271850586,-19.3250007629
147.4588623047,-19.3700008392
147.5552520752,-19.5354175568
147.5657958984,-19.5758323669
147.5760803223,-19.6213874817
147.5877380371,-19.6763877869
147.5949707031,-19.7272224426
147.6185607910,-19.7731952667
147.6695556641,-19.8247222900
147.7241363525,-19.8369445801
147.7701110840,-19.8262500763
147.7622070313,-19.8036117554
147.7541503906,-19.7449989319
147.7613677979,-19.7099990845
147.8218383789,-19.7106914520
147.8511352539,-19.7401371002
147.8513488770,-19.8162498474
147.8635711670,-19.8508319855
147.9119262695,-19.8938903809
147.9426116943,-19.9118061066
147.9717712402,-19.9186115265
148.0029144287,-19.9195823669
148.0969238281,-19.9130554199
148.2199707031,-19.9472198486
148.2697143555,-19.9911079407
148.2987823486,-20.0379180908
148.2665863037,-20.0497932434
148.2746887207,-20.0766677856
148.3338623047,-20.1452789307
148.4134521484,-20.2063884735
148.4663543701,-20.1845130920
148.4704437256,-20.1256256104
148.4392700195,-20.0985412598
148.4529876709,-20.0636119843
148.5222167969,-20.0880546570
148.5641479492,-20.1211128235
148.6374816895,-20.1827774048
148.6730346680,-20.2161102295
148.7688903809,-20.2324619293
148.8033142090,-20.2766685486
148.8359985352,-20.3883323669
148.8666687012,-20.4448261261
148.8908081055,-20.4536094666
148.9040069580,-20.4547901154
148.9344177246,-20.5347232819
148.9091491699,-20.5344467163
148.8785705566,-20.5213890076
148.8558044434,-20.5080566406
148.8305358887,-20.4749984741
148.7902526855,-20.4569435120
148.7410583496,-20.4758300781
148.6672058105,-20.5616683960
148.6916503906,-20.6244430542
148.7291259766,-20.7174987793
148.8497009277,-20.8361129761
148.9213562012,-20.8830566406
149.0283203125,-20.9186096191
149.1605224609,-21.0152778625
149.2146911621,-21.0800018311
149.2049560547,-21.1544456482
149.2399597168,-21.2786140442
149.2894287109,-21.3186111450
149.2944335938,-21.3397216797
149.3285827637,-21.4377784729
149.3855285645,-21.5313911438
149.4430236816,-21.5825004578
149.4416503906,-21.6294441223
149.4299621582,-21.7731952667
149.4699707031,-21.9122200012
149.5208129883,-22.0772247314
149.5899658203,-22.2333297729
149.6533203125,-22.3180580139
149.6966400146,-22.3505554199
149.7031707764,-22.3804168701
149.6994781494,-22.4524993896
149.6694793701,-22.4951705933
149.7127380371,-22.4784717560
149.7363586426,-22.4633331299
149.7894287109,-22.4223613739
149.8146514893,-22.3839225769
149.9677276611,-22.5471534729
149.9771728516,-22.5708351135
149.9768981934,-22.5861129761
150.0382995605,-22.6410064697
150.0122070313,-22.5458335876
149.9863586426,-22.4755554199
149.9533081055,-22.4108314514
149.9208068848,-22.3505554199
149.9213714600,-22.3033351898
149.9599609375,-22.2083320618
149.9755249023,-22.1818046570
149.9995574951,-22.1602783203
150.0437316895,-22.1490287781
150.0789947510,-22.1627769470
150.1552429199,-22.2722244263
150.1871185303,-22.3424987793
150.1858062744,-22.3747215271
150.2003784180,-22.3916664124
150.2375183105,-22.4093036652
150.3218994141,-22.4375000000
150.3944244385,-22.4738864899
150.4189910889,-22.5005550385
150.4799499512,-22.5386123657
150.5577392578,-22.5769462585
150.5930175781,-22.5861129761
150.5353240967,-22.4586791992
150.5344238281,-22.3834724426
150.5619201660,-22.3311100006
150.6345520020,-22.3430557251
150.7055358887,-22.4413871765
150.6758117676,-22.5048961639
150.6835937500,-22.5536117554
150.7421875000,-22.6288871765
150.8191223145,-22.7319412231
150.8044128418,-22.7813911438
150.7910766602,-22.8569450378
150.7713623047,-22.9761085510
150.7557525635,-23.1303462982
150.8121948242,-23.2380523682
150.8049621582,-23.3077774048
150.7974853516,-23.3355560303
150.8003997803,-23.3806934357
150.8671875000,-23.5050010681
150.9484405518,-23.5461807251
151.0231781006,-23.5565280914
151.0414428711,-23.5826358795
151.0521392822,-23.6172237396
151.1202392578,-23.6651382446
151.1423492432,-23.7063884735
151.1554565430,-23.7717380524
151.1680450439,-23.7924995422
151.2389831543,-23.8279170990
151.2716522217,-23.8276405334
151.3182983398,-23.8583335876
151.3969421387,-23.9488868713
151.4241333008,-23.9786109924
151.4627990723,-23.9954147339
151.4927673340,-23.9973602295
151.5465698242,-24.0359725952
151.5402526855,-24.0458335876
151.5402526855,-24.0458335876
151.5313720703,-24.0584735870
151.5379638672,-24.0863189697
151.5655212402,-24.0968055725
151.6141357422,-24.0527801514
151.6160736084,-23.9982643127
151.6398468018,-23.9773597717
151.6838684082,-23.9888877869
151.7880249023,-24.0988883972
151.8807983398,-24.1811103821
151.9060974121,-24.1944427490
151.9334411621,-24.2179145813
151.9444274902,-24.2355537415
151.9812164307,-24.3372230530
151.9877319336,-24.3650016785
152.0013580322,-24.4073600769
152.0099792480,-24.4263877869
152.0246887207,-24.4538879395
152.0524597168,-24.5036125183
152.1317749023,-24.6081943512
152.2035675049,-24.6672210693
152.2771911621,-24.7099990845
152.3116455078,-24.7269439697
152.3453826904,-24.7376384735
152.3901214600,-24.7445812225
152.4183044434,-24.7602806091
152.4455261230,-24.7845840454
152.4680175781,-24.8122215271
152.4875946045,-24.8420848846
152.4977264404,-24.8773612976
152.4969024658,-24.9116668701
152.4935607910,-24.9358329773
152.4975891113,-24.9726371765
152.5077514648,-24.9977760315
152.5260925293,-25.0355567932
152.5610961914,-25.0875015259
152.6714935303,-25.2451362610
152.7224731445,-25.2611122131
152.8090057373,-25.2826404572
152.8541259766,-25.2822227478
152.9078216553,-25.2888889313
152.9466247559,-25.4363861084
152.9342803955,-25.5247230530
152.8933258057,-25.5623626709
152.8985900879,-25.6791648865
152.9205322266,-25.7354164124
152.9535064697,-25.7641677856
152.9840240479,-25.7718067169
153.0230255127,-25.8368072510
153.0378875732,-25.8905563354
153.0646972656,-25.9005546570
153.0997009277,-25.9097213745
153.1819152832,-25.9494438171
153.1855163574,-25.9733314514
153.1374816895,-26.0677795410
153.1005249023,-26.1791648865
153.0905151367,-26.2183303833
153.0720520020,-26.3084735870
153.0762176514,-26.3476390839
153.0903015137,-26.3733348846
153.1041259766,-26.5063896179
153.1151580811,-26.6694431305
153.1310729980,-26.6841659546
153.1430358887,-26.7299995422
153.1558227539,-26.9552764893
153.1571960449,-27.0827789307
153.0956573486,-27.1004180908
153.0705261230,-27.1198616028
153.0558166504,-27.1377792358
153.0399780273,-27.1650009155
153.0345611572,-27.1766662598
153.0648345947,-27.3133335114
153.0902404785,-27.3333320618
153.1746826172,-27.3888893127
153.2561035156,-27.4797210693
153.2683105469,-27.5025005341
153.3046875000,-27.6049995422
153.3121948242,-27.6461105347
153.3187255859,-27.6712493896
153.3774414063,-27.7527809143
153.4033203125,-27.7772235870
153.4327392578,-27.8483352661
153.4238739014,-27.9137496948
153.4102478027,-27.9819412231
153.4502410889,-28.0748615265
153.4602355957,-28.0927772522
153.4891204834,-28.1391677856
153.5059509277,-28.1501121521
153.5263061523,-28.1766643524
153.5557403564,-28.1830539703
153.5776062012,-28.2079162598
153.5914916992,-28.2738914490
153.5844116211,-28.3620834351
153.5769195557,-28.4069442749
153.5694274902,-28.4375000000
153.5621948242,-28.4594421387
153.5596923828,-28.4916648865
153.5627441406,-28.5300025940
153.5706634521,-28.5838890076
153.5784454346,-28.6055564880
153.5913543701,-28.6218070984
153.6069030762,-28.6349983215
153.6241912842,-28.6610393524
153.6060028076,-28.8621540070
153.5791320801,-28.8973617554
153.5619201660,-28.9127769470
153.5327453613,-28.9352760315
153.5185852051,-28.9502754211
153.4919128418,-28.9824981689
153.4759368896,-29.0023612976
153.4480285645,-29.0437507629
153.4341430664,-29.0755577087
153.3560791016,-29.2719459534
153.3452453613,-29.3004169464
153.3376159668,-29.3283348083
153.3412780762,-29.3565273285
153.3596191406,-29.3780555725
153.3655090332,-29.3983345032
153.3466186523,-29.5291671753
153.2922058105,-29.7813911438
153.2538757324,-29.9524993896
153.2049560547,-30.1147232056
153.1702575684,-30.2049980164
153.1380310059,-30.2588920593
153.0326232910,-30.5140304565
153.0185852051,-30.5686111450
153.0133056641,-30.6091651917
153.0052490234,-30.7208328247
153.0037384033,-30.7844448090
153.0038757324,-30.8136119843
153.0055541992,-30.8352775574
153.0216369629,-30.8838882446
153.0570678711,-30.8876380920
153.0749816895,-30.9486083984
153.0524597168,-31.0349998474
152.9730224609,-31.2433319092
152.9541320801,-31.3594436646
152.8863830566,-31.5391693115
152.8616333008,-31.6066665649
152.8488464355,-31.6566658020
152.8283081055,-31.7044448853
152.7602539063,-31.8105583191
152.6844177246,-31.8899993896
152.6647033691,-31.9075012207
152.6499938965,-31.9225006104
152.6246643066,-31.9488868713
152.5935668945,-31.9841651917
152.5574645996,-32.0291671753
152.5118560791,-32.1310424805
152.5413513184,-32.2636184692
152.5296936035,-32.4036102295
152.3969421387,-32.5008392334
152.3771667480,-32.5113906860
152.3558044434,-32.5283355713
152.3277587891,-32.5527801514
152.2808227539,-32.6013946533
152.2274475098,-32.6313858032
152.1274414063,-32.6822204590
152.1194152832,-32.7252731323
152.1447143555,-32.7705535889
151.9966125488,-32.8130569458
151.9527587891,-32.8270835876
151.8376007080,-32.8722229004
151.8121337891,-32.8887519836
151.6689910889,-33.0700035095
151.6305236816,-33.1644439697
151.5938415527,-33.2347259521
151.5741271973,-33.2672195435
151.5524139404,-33.2823600769
151.5287322998,-33.2768020630
151.5019226074,-33.2852783203
151.4545593262,-33.3168067932
151.4447479248,-33.3622207642
151.4673919678,-33.3751373291
151.4868164063,-33.3935470581
151.4546966553,-33.5006980896
151.3402404785,-33.6286087036
151.2969360352,-33.8974990845
151.2727661133,-33.9694442749
151.2366333008,-33.9926605225
151.1783142090,-33.9875030518
151.0997161865,-34.0137863159
151.1550445557,-34.0257263184
151.1952667236,-34.0568161011
151.1141204834,-34.1663894653
151.0850982666,-34.1799964905
151.0638732910,-34.1924972534
151.0238037109,-34.2219429016
150.9763488770,-34.2774963379
150.9599609375,-34.2983398438
150.9341430664,-34.3316726685
150.8405151367,-34.5583343506
150.8752441406,-34.5841674805
150.8813476563,-34.5991668701
150.8735656738,-34.6611099243
150.8313446045,-34.7859764099
150.8009490967,-34.7962532043
150.7824859619,-34.8047218323
150.7669372559,-34.8195838928
150.7561035156,-34.8377761841
150.7469024658,-34.8774986267
150.7819213867,-34.9616699219
150.8519592285,-35.0215606689
150.8367614746,-35.0884017944
150.8097076416,-35.1076393127
150.7769165039,-35.0784034729
150.7893524170,-35.0583305359
150.7753906250,-35.0120162964
150.7486419678,-35.0098648071
150.6851806641,-35.0421867371
150.6774597168,-35.0758361816
150.7033081055,-35.1269454956
150.6474914551,-35.1786117554
150.6171875000,-35.1883316040
150.5565643311,-35.2124977112
150.5402526855,-35.2266616821
150.4857940674,-35.3108329773
150.4802398682,-35.3531951904
150.4066467285,-35.5277786255
150.3558044434,-35.5950012207
150.2752685547,-35.7358322144
150.1624755859,-35.9405517578
150.1374816895,-36.1116714478
150.1442108154,-36.2580528259
150.1355895996,-36.3281288147
150.0984344482,-36.3605575562
150.0771942139,-36.3888893127
150.0657958984,-36.4277801514
150.0516357422,-36.5016670227
150.0233154297,-36.6280517578
149.9796752930,-36.7609710693
149.9663696289,-36.7947235107
149.9385681152,-36.8572235107
149.9024658203,-36.9233322144
149.9066467285,-37.0691680908
149.9467010498,-37.1165962219
150.0065155029,-37.1618041992
150.0197143555,-37.2313842773
150.0191345215,-37.2644500732
149.9898071289,-37.2568092346
149.9478912354,-37.2818756104
149.9494171143,-37.3983345032
149.9562225342,-37.4293060303
149.9765014648,-37.4737472534
149.9795379639,-37.5011138916
149.9777526855,-37.5126724243
149.9716339111,-37.5222206116
149.8994140625,-37.5520820618
149.8235778809,-37.5583343506
149.7855224609,-37.5604171753
149.7466125488,-37.5988845825
149.6728210449,-37.6963882446
149.5786437988,-37.7355766296
149.5627593994,-37.7372245789
149.5052490234,-37.7586135864
149.4571838379,-37.7833328247
149.3094177246,-37.7952804565
149.2546997070,-37.7936172485
149.0802612305,-37.7927780151
148.8262176514,-37.7977828979
148.7748413086,-37.8056907654
148.7530517578,-37.8119430542
148.6585998535,-37.8166656494
148.4938354492,-37.8116683960
148.3091430664,-37.8216705322
148.2813720703,-37.8261108398
148.2069091797,-37.8397216797
147.9639892578,-37.9023628235
147.9369201660,-37.9111099243
147.8463439941,-37.9452743530
147.7591552734,-37.9824981689
147.7341308594,-37.9963912964
147.6546936035,-38.0425033569
147.5877380371,-38.0830612183
147.5410766602,-38.1133346558
147.4296875000,-38.1947174072
147.3724670410,-38.2380523682
147.2130126953,-38.3630599976
147.1855926514,-38.3882637024
147.1144104004,-38.4547195435
146.9881439209,-38.5695838928
146.9694213867,-38.5852737427
146.8735656738,-38.6516647339
146.8357238770,-38.6601371765
146.6498413086,-38.6737480164
146.5016479492,-38.7005538940
146.4310913086,-38.7172164917
146.3527374268,-38.6978454590
146.2611083984,-38.7022247314
146.2369079590,-38.7061119080
146.2192687988,-38.7159729004
146.1846923828,-38.7574348450
146.2964935303,-38.9165611267
146.4120635986,-38.8531227112
146.4191284180,-38.8252792358
146.4329528809,-38.7926406860
146.4692687988,-38.8056259155
146.4837188721,-39.0762519836
146.4251098633,-39.1347236633
146.4074707031,-39.1444473267
146.3941345215,-39.1472244263
